1 0.38945 0.391109 1 1 0.992688 -0.120708 0 1
1 0.565525 0.369699 0.833333 1 0.99608 0.0884623 0.166667 1
1 0.582851 0.371237 0.694444 1 0.99992 0.0126715 0.138889 1
1 0.6 0.371455 0.578704 1 -0.99992 0.0126715 0.115741 1
1 0.380114 0.374241 0.482253 1 -0.993831 -0.110903 0.0964506 1
1 0.367091 0.372788 0.401878 1 -0.861927 -0.507033 0.0803755 1
1 0.3 0.333321 0.334898 1 -0.89111 -0.453787 0.0669796 1
1 0.254007 0.3099 0.176262 1 -0.93899 -0.343944 0.158636 1
1 0.214057 0.295267 0.0927695 1 -0.712615 -0.701555 0.0834926 1
1 0.203624 0.284995 0.0488261 1 -0.903043 0.429549 0.0439435 1
1 0.192298 0.290382 0.0256979 1 -0.605064 0.796177 0.0231281 1
1 0.175867 0.312003 0.0135252 1 -0.17172 0.985146 0.0121727 1
1 0.171645 0.336229 0.00711854 1 0.341202 0.93999 0.00640669 1
1 0.195312 0.401431 0.0037466 1 0.996104 -0.0881818 0.00337194 1
1 0.218549 0.399374 0.00197189 1 0.999098 0.0424609 0.00177471 1
1 0.3 0.402835 0.00103784 1 -0.999098 0.0424609 0.000934055 1
1 0.26126 0.404482 0.000546231 1 -0.991274 0.131816 0.000491608 1
1 0.197957 0.412899 0.00028749 1 -0.741896 0.670515 0.000258741 1
1 0.192331 0.417985 0.000151311 1 -0.726794 0.686856 0.00013618 1
1 0.187498 0.422552 7.96372e-05 1 -0.828109 0.560567 7.16734e-05 1

