1 0.405637 0.38815 1 1 -0.168994 0.985617 0 1
1 0.403718 0.399339 0.833333 1 -0.463273 0.886215 0.166667 1
1 0.373957 0.456271 0.694444 1 -0.326021 0.945363 0.138889 1
1 0.372436 0.460683 0.578704 1 0.226718 0.97396 0.115741 1
1 0.393227 0.55 0.482253 1 -0.158529 0.987354 0.0964506 1
1 0.37302 0.675854 0.253817 1 0.310538 0.950561 0.228436 1
1 0.379721 0.696366 0.133588 1 0.147181 0.98911 0.120229 1
1 0.383146 0.719386 0.0703095 1 0.895543 0.444975 0.0632786 1
1 0.383671 0.719647 0.037005 1 0.777645 0.628703 0.0333045 1
1 0.490371 0.805911 0.0194763 1 0.797021 0.603951 0.0175287 1
1 0.512197 0.822449 0.0102507 1 0.789837 -0.613317 0.00922563 1
1 0.522529 0.814426 0.0053951 1 0.894498 -0.447071 0.00485559 1
1 0.568706 0.791347 0.00283953 1 0.533106 -0.846048 0.00255558 1
1 0.596162 0.747775 0.00149449 1 0.599783 -0.800163 0.00134504 1
1 0.603041 0.738597 0.000786573 1 0.765429 -0.643521 0.000707916 1
1 0.695999 0.660444 0.000413986 1 0.993912 -0.110177 0.000372587 1
1 0.730735 0.656593 0.000217887 1 0.99914 -0.0414671 0.000196099 1
1 0.731166 0.656576 0.000114677 1 -0.222322 -0.974973 0.00010321 1
1 0.725897 0.63347 6.03566e-05 1 -0.520243 -0.854018 5.43209e-05 1
2 0.398414 0.402478 1 2 0.568798 0.822477 0 1
2 0.453298 0.481839 0.833333 2 0.746057 0.665882 0.166667 1
2 0.466689 0.493791 0.694444 2 0.665198 0.746667 0.138889 1
2 0.516765 0.55 0.578704 2 0.665198 -0.746667 0.115741 1
2 0.564766 0.49612 0.482253 2 0.783591 -0.621277 0.0964506 1
2 0.6 0.468184 0.401878 2 -0.783591 -0.621277 0.0803755 1
2 0.50631 0.393901 0.334898 2 -0.998743 0.0501242 0.0669796 1
2 0.458997 0.396275 0.279082 2 -0.441507 -0.897258 0.0558163 1
2 0.45547 0.389106 0.232568 2 0.0686317 -0.997642 0.0465136 1
2 0.465039 0.25 0.193807 2 -0.0386933 -0.999251 0.0387613 1
2 0.463368 0.206849 0.102004 2 0.0270327 -0.999635 0.0918032 1
2 0.466199 0.102176 0.0536861 2 0.112265 -0.993678 0.0483175 1
2 0.466284 0.101423 0.0282558 2 -0.0692316 -0.997601 0.0254302 1
3 0.403368 0.399632 1 3 -0.310965 0.950421 0 1
3 0.357751 0.539056 0.833333 3 -0.748337 -0.663319 0.166667 1
3 0.343664 0.52657 0.694444 3 -0.656365 -0.754444 0.138889 1
3 0.3 0.476381 0.578704 3 -0.278544 -0.960424 0.115741 1
3 0.297131 0.466488 0.304581 3 -0.0804426 -0.996759 0.274123 1
3 0.29411 0.429057 0.160306 3 0.145335 -0.989383 0.144275 1
3 0.29509 0.422388 0.0843714 3 -0.290099 -0.956997 0.0759343 1
3 0.277104 0.363057 0.044406 3 -0.347201 -0.937791 0.0399654 1
3 0.264005 0.327676 0.0233716 3 -0.731804 -0.681515 0.0210344 1
3 0.258248 0.322315 0.0123008 3 -0.80386 -0.594818 0.0110708 1
3 0.209897 0.286537 0.00647412 3 -0.999415 -0.0342019 0.00582671 1
3 0.204055 0.286337 0.00340743 3 -0.979772 0.200117 0.00306669 1
3 0.180155 0.291219 0.00179339 3 -0.990878 0.134764 0.00161405 1
3 0.159389 0.294043 0.000943888 3 -0.391758 0.920068 0.000849499 1
3 0.147705 0.321484 0.000496783 3 -0.174522 0.984653 0.000447105 1
3 0.138105 0.375647 0.000261465 3 0.0235603 0.999722 0.000235318 1
3 0.139498 0.434774 0.000137613 3 -0.0159543 0.999873 0.000123852 1
3 0.139225 0.451879 7.24279e-05 3 0.0793234 0.996849 6.51851e-05 1
4 0.391705 0.389499 1 4 0.483981 0.875079 0 1
4 0.407396 0.41787 0.833333 4 0.386909 0.922118 0.166667 1
4 0.408215 0.419824 0.694444 4 0.352761 0.935713 0.138889 1
4 0.445407 0.518475 0.578704 4 0.175281 0.984518 0.115741 1
4 0.447636 0.530995 0.482253 4 0.149104 0.988822 0.0964506 1
4 0.450501 0.55 0.401878 4 0.235991 0.971755 0.0803755 1
4 0.470198 0.631106 0.211515 4 0.865475 0.500952 0.190363 1
4 0.491606 0.643497 0.111323 4 0.813514 0.581545 0.100191 1
4 0.65272 0.75867 0.0585913 4 0.846339 0.532645 0.0527321 1
4 0.654547 0.75982 0.0308375 4 0.569366 0.822084 0.0277538 1
4 0.666081 0.776475 0.0162303 4 0.82792 0.560846 0.0146072 1
4 0.685726 0.789782 0.00854225 4 0.878968 0.476882 0.00768802 1
4 0.708473 0.802124 0.00449592 4 0.755138 0.655566 0.00404633 1
4 0.734081 0.824355 0.00236627 4 -0.384251 -0.923229 0.00212965 1
4 0.681484 0.697982 0.00124541 4 -0.452494 -0.891767 0.00112087 1
4 0.66643 0.668313 0.000655477 4 -0.792558 -0.609796 0.00058993 1
4 0.655377 0.659809 0.000344988 4 -0.892848 -0.450359 0.000310489 1
4 0.609373 0.636604 0.000181573 4 -0.983687 -0.179887 0.000163415 1
4 0.589337 0.63294 9.55646e-05 4 -0.891577 -0.452869 8.60081e-05 1
5 0.388121 0.401977 1 5 0.040658 -0.999173 0 1
5 0.39045 0.34474 0.833333 5 0.0863545 -0.996264 0.166667 1
5 0.398662 0.25 0.694444 5 -0.212536 -0.977153 0.138889 1
5 0.392167 0.22014 0.365497 5 -0.261752 -0.965135 0.328947 1
5 0.390604 0.214377 0.192367 5 -0.100112 -0.994976 0.17313 1
5 0.381835 0.127223 0.101246 5 -0.487989 -0.87285 0.0911212 1
5 0.377381 0.119258 0.0532872 5 -0.330871 -0.943676 0.0479585 1
6 0.400146 0.3993 1 6 0.154065 0.988061 0 1
6 0.404815 0.429247 0.833333 6 0.122144 0.992512 0.166667 1
6 0.40737 0.450008 0.694444 6 -0.0254986 0.999675 0.138889 1
6 0.40482 0.55 0.578704 6 -0.119302 0.992858 0.115741 1
6 0.403697 0.559342 0.304581 6 0.0961511 0.995367 0.274123 1
6 0.406249 0.58576 0.160306 6 0.16535 0.986235 0.144275 1
6 0.406482 0.587151 0.0843714 6 -0.289617 0.957143 0.0759343 1
6 0.394696 0.626101 0.044406 6 -0.170102 0.985426 0.0399654 1
6 0.37405 0.745705 0.0233716 6 -0.069751 0.997564 0.0210344 1
6 0.373891 0.747993 0.0123008 6 -0.00610211 0.999981 0.0110708 1
6 0.373737 0.773118 0.00647412 6 0.192702 0.981257 0.00582671 1
6 0.377984 0.794742 0.00340743 6 0.718533 0.695493 0.00306669 1
6 0.394424 0.810655 0.00179339 6 0.841456 0.540326 0.00161405 1
6 0.413613 0.822977 0.000943888 6 0.892782 0.45049 0.000849499 1
6 0.53377 0.883607 0.000496783 6 0.944606 0.328206 0.000447105 1
6 0.535861 0.884334 0.000261465 6 0.980462 0.196707 0.000235318 1
6 0.548689 0.886907 0.000137613 6 0.999751 -0.0223033 0.000123852 1
6 0.559563 0.886665 7.24279e-05 6 0.988053 -0.154116 6.51851e-05 1
7 0.400842 0.399444 1 7 0.89272 -0.450612 0 1
7 0.416324 0.391629 0.833333 7 0.936253 -0.351327 0.166667 1
7 0.420459 0.390077 0.694444 7 0.777271 -0.629166 0.138889 1
7 0.440201 0.374097 0.578704 7 -0.813289 -0.58186 0.115741 1
7 0.3 0.273792 0.482253 7 -0.839677 -0.543086 0.0964506 1
7 0.248224 0.240304 0.253817 7 -0.741419 -0.671042 0.228436 1
7 0.238502 0.231505 0.133588 7 0.0852069 -0.996363 0.120229 1
7 0.23963 0.218313 0.0703095 7 -0.0293315 -0.99957 0.0632786 1
7 0.239001 0.196884 0.037005 7 -0.206666 -0.978412 0.0333045 1

