1 4.00985 5.95988 1 1 0.13164 0.86836 0 1
1 4.01842 6.01641 0.909091 1 0.167847 0.862094 0.0909091 1
1 4.03677 6.11066 0.826446 1 0.162214 0.863172 0.0826446 1
1 4.05371 6.2008 0.751315 1 0.0913665 0.873516 0.0751315 1
1 4.05732 6.23532 0.683013 1 0.07056 0.875443 0.0683013 1
1 4.05822 6.24652 0.620921 1 0.0629552 0.876023 0.0620921 1
1 4.0797 6.54545 0.564474 1 0.0751658 0.875059 0.0564474 1
1 4.08013 6.55048 0.513158 1 0.0139194 0.878171 0.0513158 1
1 4.08162 6.64439 0.466507 1 -0.0574053 0.876404 0.0466507 1
1 4.0783 6.69516 0.424098 1 -0.0626033 0.876048 0.0424098 1
1 4.07491 6.74256 0.385543 1 -0.000653055 0.878281 0.0385543 1
1 4.07469 7.04294 0.350494 1 0.0961134 0.873007 0.0350494 1
1 4.07792 7.07229 0.318631 1 0.0869117 0.873971 0.0318631 1
1 4.08169 7.11023 0.289664 1 0.0773005 0.874873 0.0289664 1
1 4.08678 7.16785 0.263331 1 0.0697577 0.875507 0.0263331 1
1 4.09401 7.25862 0.239392 1 -0.149811 0.86541 0.0239392 1
1 4.0834 7.31992 0.217629 1 -0.175461 0.860577 0.0217629 1
1 4.06326 7.41874 0.197845 1 -0.240749 0.844641 0.0197845 1
1 4.06076 7.42749 0.179859 1 -0.217268 0.850984 0.0179859 1
1 4.05487 7.45055 0.163508 1 -0.233889 0.846567 0.0163508 1
1 4.03635 7.51759 0.148644 1 -0.177898 0.860076 0.0148644 1
1 3.98273 7.77683 0.135131 1 -0.191738 0.857097 0.0135131 1
1 3.98071 7.78586 0.122846 1 -0.250713 0.841737 0.0122846 1
1 3.96159 7.85005 0.111678 1 -0.27642 0.833649 0.0111678 1
1 3.96139 7.85065 0.101526 1 -0.235896 0.846009 0.0101526 1
1 3.94573 7.90681 0.092296 1 -0.215818 0.851353 0.0092296 1
1 3.92915 7.97221 0.0839055 1 -0.0415898 0.877296 0.00839055 1
1 3.92642 8.02991 0.0762777 1 -0.0323562 0.877686 0.00762777 1
1 3.92009 8.20162 0.0693433 1 -0.0434326 0.877207 0.00693433 1
1 3.91959 8.21172 0.0630394 1 -0.0815411 0.874488 0.00630394 1
1 3.91245 8.28826 0.0573086 1 0.0559006 0.876501 0.00573086 1
1 3.91517 8.33093 0.0520987 1 0.173658 0.860942 0.00520987 1
1 3.94896 8.49845 0.0473624 1 0.124751 0.869377 0.00473624 1
1 3.96409 8.60386 0.0430568 1 0.149498 0.865465 0.00430568 1
1 3.96761 8.62424 0.0391425 1 0.54151 0.691481 0.00391425 1
1 3.99566 8.66006 0.0355841 1 0.535301 0.696298 0.00355841 1
1 4.00337 8.67009 0.0323492 1 0.54278 0.690484 0.00323492 1
1 4.14114 8.84536 0.0294083 1 0.699916 0.530562 0.00294083 1
1 4.14283 8.84664 0.0267349 1 0.680139 0.555689 0.00267349 1
1 4.26236 8.94429 0.0243044 1 0.669292 0.568707 0.00243044 1
1 4.33018 9.00192 0.0220949 1 0.682974 0.552201 0.00220949 1
1 4.35078 9.01858 0.0200863 1 0.691249 0.541806 0.00200863 1
1 4.42601 9.07754 0.0182603 1 0.673651 0.563536 0.00182603 1
1 4.63341 9.25104 0.0166002 1 0.735642 0.479802 0.00166002 1
1 4.67022 9.27505 0.0150911 1 0.764799 0.431812 0.00150911 1
1 4.69515 9.28912 0.0137192 1 0.739759 0.47343 0.00137192 1
1 4.78459 9.34637 0.012472 1 0.660101 0.579349 0.0012472 1
1 4.88672 9.436 0.0113382 1 0.697994 0.533088 0.00113382 1
1 4.97039 9.4999 0.0103074 1 0.704949 -0.523857 0.00103074 1
1 5.13067 9.3808 0.00937041 1 0.712513 -0.513522 0.000937041 1
1 5.23169 9.30799 0.00851855 1 0.756063 -0.446932 0.000851855 1
1 5.32363 9.25364 0.00774414 1 0.751575 -0.454439 0.000774414 1
1 5.41629 9.19761 0.00704013 1 0.764114 -0.433023 0.000704013 1
1 5.43831 9.18513 0.00640011 1 0.745391 -0.464511 0.000640011 1
1 5.47106 9.16473 0.00581829 1 0.753123 -0.451869 0.000581829 1
1 5.50681 9.14328 0.00528935 1 0.798941 -0.36479 0.000528935 1
1 5.57603 9.11167 0.0048085 1 0.786003 -0.39189 0.00048085 1
1 5.66263 9.06849 0.00437136 1 0.684478 -0.550335 0.000437136 1
1 5.71684 9.02491 0.00397397 1 0.69839 -0.532569 0.000397397 1
1 5.73581 9.01044 0.0036127 1 0.688045 -0.545869 0.00036127 1
1 5.81539 8.94731 0.00328427 1 0.679986 -0.555876 0.000328427 1
1 5.82305 8.94105 0.0029857 1 0.662596 -0.576494 0.00029857 1
1 5.83446 8.93112 0.00271427 1 0.646147 -0.594873 0.000271427 1
1 5.93404 8.83944 0.00246752 1 0.552233 -0.682948 0.000246752 1
1 5.97312 8.79111 0.0022432 1 0.555779 -0.680065 0.00022432 1
1 6.00882 8.74743 0.00203927 1 0.468251 -0.743048 0.000203927 1
1 6.01102 8.74393 0.00185388 1 0.479309 -0.735963 0.000185388 1
1 6.02943 8.71567 0.00168535 1 0.462964 -0.746353 0.000168535 1
1 6.08361 8.62832 0.00153214 1 0.668221 -0.569964 0.000153214 1
1 6.11395 8.60244 0.00139285 1 0.595836 -0.645258 0.000139285 1
1 6.12573 8.58968 0.00126623 1 0.815003 -0.327336 0.000126623 1
1 6.14145 8.58337 0.00115112 1 0.804673 -0.351965 0.000115112 1
1 6.1601 8.57521 0.00104647 1 0.79277 -0.378014 0.000104647 1
1 6.32723 8.49552 0.000951336 1 0.794372 -0.374635 9.51336e-05 1
1 6.39769 8.46229 0.000864851 1 0.823273 -0.305943 8.64851e-05 1
1 6.40723 8.45874 0.000786228 1 0.789252 -0.385305 7.86228e-05 1
1 6.48289 8.42181 0.000714753 1 0.798435 -0.365897 7.14753e-05 1
1 6.58681 8.37418 0.000649775 1 0.805696 -0.349618 6.49775e-05 1
1 6.70649 8.32225 0.000590705 1 0.797905 -0.367051 5.90705e-05 1
1 6.9796 8.19662 0.000537004 1 0.811473 -0.335992 5.37004e-05 1
1 7.03983 8.17168 0.000488186 1 0.817312 -0.321528 4.88186e-05 1
1 7.08675 8.15322 0.000443805 1 0.81821 -0.319235 4.43805e-05 1
1 7.11982 8.14031 0.000403459 1 0.832264 -0.280562 4.03459e-05 1
1 7.27554 8.08782 0.000366781 1 0.823241 -0.306027 3.66781e-05 1
1 7.31617 8.07272 0.000333438 1 0.81341 -0.331274 3.33438e-05 1
1 7.31901 8.07156 0.000303125 1 0.774266 0.414598 3.03125e-05 1
1 7.39415 8.1118 0.000275568 1 0.704481 0.524485 2.75568e-05 1
1 7.44731 8.15138 0.000250517 1 0.719193 0.504124 2.50517e-05 1
1 7.54694 8.22121 0.000227742 1 0.615321 0.626705 2.27742e-05 1
1 7.55402 8.22842 0.000207038 1 0.626852 0.615171 2.07038e-05 1
1 7.64061 8.3134 0.000188217 1 0.245986 0.843131 1.88217e-05 1
1 7.64137 8.31603 0.000171106 1 0.319121 0.818255 1.71106e-05 1
1 7.69221 8.44637 0.000155551 1 0.440659 0.759736 1.55551e-05 1
1 7.7121 8.48066 0.00014141 1 0.444253 0.75764 1.4141e-05 1
1 7.71594 8.48722 0.000128555 1 0.469866 0.742028 1.28555e-05 1
1 7.73163 8.512 0.000116868 1 0.482441 0.733914 1.16868e-05 1
1 7.75959 8.55453 0.000106243 1 -0.591428 -0.649301 1.06243e-05 1
1 7.66676 8.45262 9.6585e-05 1 -0.539575 -0.692992 9.6585e-06 1
2 4.01165 6.01076 1 2 0.312848 0.687152 0 1
2 4.03269 6.05698 0.909091 2 0.320941 0.683409 0.0909091 1
2 4.08235 6.16271 0.826446 2 0.332308 0.677955 0.0826446 1
2 4.09119 6.18074 0.751315 2 0.371002 0.657578 0.0751315 1
2 4.10928 6.21281 0.683013 2 0.421198 0.626613 0.0683013 1
2 4.19993 6.34767 0.620921 2 0.438277 0.614789 0.0620921 1
2 4.24052 6.40461 0.564474 2 0.441811 0.612253 0.0564474 1
2 4.40992 6.63936 0.513158 2 -0.0612895 0.752526 0.0513158 1
2 4.40875 6.6537 0.466507 2 -0.113034 0.746508 0.0466507 1
2 4.39848 6.72155 0.424098 2 -0.133789 0.743069 0.0424098 1
2 4.38479 6.79756 0.385543 2 -0.122749 0.744973 0.0385543 1
2 4.37285 6.87005 0.350494 2 -0.272679 0.704058 0.0350494 1
2 4.33435 6.96946 0.318631 2 -0.279335 0.701444 0.0318631 1
2 4.32477 6.9935 0.289664 2 -0.224009 0.721021 0.0289664 1
2 4.30634 7.05284 0.263331 2 -0.237293 0.716759 0.0263331 1
2 4.30407 7.0597 0.239392 2 -0.248881 0.712818 0.0239392 1
2 4.26115 7.18262 0.217629 2 -0.267458 0.706058 0.0217629 1
2 4.25487 7.19919 0.197845 2 -0.212547 0.724483 0.0197845 1
2 4.22775 7.29165 0.179859 2 -0.129174 0.743885 0.0179859 1
2 4.21149 7.38526 0.163508 2 -0.14871 0.740228 0.0163508 1
2 4.21106 7.38741 0.148644 2 -0.12569 0.744482 0.0148644 1
2 4.20381 7.43033 0.135131 2 -0.117542 0.745812 0.0135131 1
2 4.19543 7.48353 0.122846 2 -0.0432727 0.753776 0.0122846 1
2 4.19179 7.54692 0.111678 2 0.00170704 0.755016 0.0111678 1
2 4.19182 7.55979 0.101526 2 -0.00298878 0.755012 0.0101526 1
2 4.19158 7.62172 0.092296 2 0.00764044 0.754979 0.0092296 1
2 4.19192 7.65586 0.0839055 2 0.0474272 0.753526 0.00839055 1
2 4.19883 7.76556 0.0762777 2 0.091156 0.749495 0.00762777 1
2 4.21044 7.86103 0.0693433 2 0.0846348 0.750259 0.00693433 1
2 4.21774 7.92574 0.0630394 2 0.120003 0.74542 0.00630394 1
2 4.22663 7.98098 0.0573086 2 0.0961105 0.748875 0.00573086 1
2 4.23287 8.0296 0.0520987 2 0.104525 0.747747 0.00520987 1
2 4.24051 8.08425 0.0473624 2 0.183323 0.732423 0.00473624 1
2 4.25784 8.15349 0.0430568 2 0.187015 0.73149 0.00430568 1
2 4.27261 8.21125 0.0391425 2 0.201734 0.727568 0.00391425 1
2 4.28155 8.24351 0.0355841 2 0.183687 0.732332 0.00355841 1
2 4.28305 8.2495 0.0323492 2 0.260662 0.708595 0.00323492 1
2 4.29481 8.28145 0.0294083 2 0.248502 0.71295 0.00294083 1
2 4.34717 8.43168 0.0267349 2 0.222294 0.721552 0.00267349 1
2 4.36019 8.47393 0.0243044 2 0.29188 0.696317 0.00243044 1
2 4.36075 8.47526 0.0220949 2 0.187448 0.731379 0.00220949 1
2 4.36151 8.47823 0.0200863 2 0.182429 0.732647 0.00200863 1
2 4.36342 8.48594 0.0182603 2 0.115718 0.746097 0.00182603 1
2 4.37436 8.55647 0.0166002 2 0.182751 0.732566 0.00166002 1
2 4.37462 8.55748 0.0150911 2 0.151162 0.739731 0.00150911 1
2 4.40561 8.70915 0.0137192 2 0.0906931 0.749551 0.00137192 1
2 4.40591 8.71161 0.012472 2 0.100113 0.748351 0.0012472 1
2 4.41944 8.81277 0.0113382 2 0.0870754 0.74998 0.00113382 1
2 4.42431 8.85468 0.0103074 2 0.101059 0.748224 0.00103074 1
2 4.43947 8.96695 0.00937041 2 0.138053 0.742289 0.000937041 1
2 4.45737 9.06318 0.00851855 2 0.116749 0.745936 0.000851855 1
2 4.46605 9.11864 0.00774414 2 0.0834358 0.750393 0.000774414 1
2 4.49309 9.36185 0.00704013 2 0.118179 0.745711 0.000704013 1
2 4.50055 9.40891 0.00640011 2 -0.204485 0.726799 0.000640011 1
2 4.49066 9.44407 0.00581829 2 -0.183676 0.732335 0.000581829 1
2 4.48407 9.47033 0.00528935 2 -0.141658 0.741609 0.000528935 1
3 3.96729 5.95925 1 3 0.725858 0.274142 0 1
3 4.13228 6.02156 0.909091 3 0.724018 0.278964 0.0909091 1
3 4.14494 6.02644 0.826446 3 0.683198 0.367783 0.0826446 1
3 4.25882 6.08775 0.751315 3 0.642181 0.435462 0.0751315 1
3 4.35442 6.15257 0.683013 3 0.634714 0.446275 0.0683013 1
3 4.38838 6.17645 0.620921 3 0.6913 0.352319 0.0620921 1
3 4.40977 6.18735 0.564474 3 0.707603 0.31831 0.0564474 1
3 4.50215 6.22891 0.513158 3 0.535025 0.561935 0.0513158 1
3 4.52335 6.25117 0.466507 3 0.504174 0.589773 0.0466507 1
3 4.63159 6.37779 0.424098 3 0.497577 0.595349 0.0424098 1
3 4.65923 6.41086 0.385543 3 0.417864 0.653769 0.0385543 1
3 4.67551 6.43634 0.350494 3 0.431603 0.644781 0.0350494 1
3 4.68187 6.44583 0.318631 3 0.418898 0.653107 0.0318631 1
3 4.68513 6.45092 0.289664 3 0.428946 0.646552 0.0289664 1
3 4.78105 6.5955 0.263331 3 0.347633 0.693668 0.0263331 1
3 4.78614 6.60565 0.239392 3 0.369919 0.682044 0.0239392 1
3 4.79146 6.61547 0.217629 3 0.408463 0.659683 0.0217629 1
3 4.85738 6.72192 0.197845 3 0.41939 0.652791 0.0197845 1
3 4.87504 6.74941 0.179859 3 0.458874 0.625666 0.0179859 1
3 4.87859 6.75425 0.163508 3 0.422307 0.650907 0.0163508 1
3 4.88438 6.76318 0.148644 3 -0.260104 0.731006 0.0148644 1
3 4.88318 6.76654 0.135131 3 -0.241183 0.737465 0.0135131 1
3 4.85675 6.84735 0.122846 3 -0.220466 0.743921 0.0122846 1
3 4.84604 6.8835 0.111678 3 -0.172533 0.756476 0.0111678 1
3 4.83592 6.92786 0.101526 3 -0.156655 0.759923 0.0101526 1
3 4.82391 6.98613 0.092296 3 -0.165097 0.758134 0.0092296 1
3 4.82245 6.99285 0.0839055 3 -0.154984 0.760265 0.00839055 1
3 4.82124 6.99875 0.0762777 3 -0.161196 0.758973 0.00762777 1
3 4.81755 7.01615 0.0693433 3 -0.165771 0.757986 0.00693433 1
3 4.80529 7.07221 0.0630394 3 -0.213305 0.746006 0.00630394 1
3 4.79512 7.10776 0.0573086 3 -0.248176 0.735141 0.00573086 1
3 4.79301 7.11402 0.0520987 3 -0.274661 0.725662 0.00520987 1
3 4.78306 7.14032 0.0473624 3 -0.252137 0.733792 0.00473624 1
3 4.76325 7.19796 0.0430568 3 -0.198958 0.749959 0.00430568 1
3 4.75839 7.21629 0.0391425 3 -0.281204 0.723151 0.00391425 1
3 4.64921 7.49705 0.0355841 3 -0.211972 0.746385 0.00355841 1
3 4.64675 7.50572 0.0323492 3 -0.198908 0.749973 0.00323492 1
3 4.63526 7.54904 0.0294083 3 -0.187395 0.752932 0.00294083 1
3 4.57026 7.81021 0.0267349 3 -0.161935 0.758815 0.00267349 1
3 4.55629 7.87566 0.0243044 3 -0.153741 0.760518 0.00243044 1
3 4.55545 7.8798 0.0220949 3 -0.288297 0.720353 0.00220949 1
3 4.54697 7.90099 0.0200863 3 -0.303806 0.71395 0.00200863 1
3 4.50774 7.99319 0.0182603 3 -0.258931 0.731422 0.00182603 1
3 4.47876 8.07505 0.0166002 3 -0.274037 0.725897 0.00166002 1
3 4.45335 8.14237 0.0150911 3 -0.267376 0.728377 0.00150911 1
3 4.40027 8.28696 0.0137192 3 -0.29125 0.719164 0.00137192 1
3 4.39568 8.2983 0.012472 3 -0.284239 0.721964 0.0012472 1
3 4.34086 8.43753 0.0113382 3 -0.232459 0.740261 0.00113382 1
3 4.32591 8.48515 0.0103074 3 -0.265217 0.729166 0.00103074 1
3 4.31708 8.50941 0.00937041 3 -0.264631 0.729379 0.000937041 1
3 4.25231 8.68794 0.00851855 3 -0.242593 0.737002 0.000851855 1
3 4.18157 8.90285 0.00774414 3 -0.200769 0.749477 0.000774414 1
3 4.17112 8.94185 0.00704013 3 -0.314002 0.709525 0.000704013 1
3 4.16046 8.96595 0.00640011 3 -0.128195 0.765238 0.000640011 1
3 4.15861 8.97698 0.00581829 3 -0.117117 0.767012 0.000581829 1
3 4.15262 9.01623 0.00528935 3 -0.0761298 0.772158 0.000528935 1
3 4.14851 9.05792 0.0048085 3 -0.36626 0.684016 0.00048085 1
3 4.12806 9.0961 0.00437136 3 -0.342036 0.696444 0.000437136 1
3 4.09929 9.15469 0.00397397 3 -0.332045 0.701263 0.000397397 1
3 4.08581 9.18316 0.0036127 3 -0.362622 0.685951 0.00036127 1
3 4.05581 9.23991 0.00328427 3 -0.413133 0.656769 0.000328427 1
3 3.96769 9.37999 0.0029857 3 -0.349331 0.692814 0.00029857 1
4 3.98379 5.97816 1 4 -0.0948082 -0.905192 0 1
4 3.97576 5.90148 0.909091 4 -0.0672504 -0.907655 0.0909091 1
4 3.96984 5.82154 0.826446 4 -0.070841 -0.907382 0.0826446 1
4 3.96469 5.75562 0.751315 4 0.448436 -0.792001 0.0751315 1
4 4.02926 5.64159 0.683013 4 0.436125 -0.798846 0.0683013 1
4 4.05419 5.59593 0.620921 4 0.394804 -0.820055 0.0620921 1
4 4.07019 5.56269 0.564474 4 0.308839 -0.856142 0.0564474 1
4 4.16552 5.29841 0.513158 4 0.326675 -0.849497 0.0513158 1
4 4.22601 5.14111 0.466507 4 0.195755 -0.888842 0.0466507 1
4 4.23757 5.08862 0.424098 4 0.175303 -0.893101 0.0424098 1
4 4.26666 4.94041 0.385543 4 0.503517 -0.758176 0.0385543 1
4 4.3312 4.84323 0.350494 4 0.496102 -0.763049 0.0350494 1
4 4.34145 4.82748 0.318631 4 0.523035 -0.744846 0.0318631 1
4 4.35499 4.80819 0.289664 4 0.473191 -0.777465 0.0289664 1
4 4.37005 4.78344 0.263331 4 0.539653 -0.732895 0.0263331 1
4 4.52421 4.57408 0.239392 4 0.54819 -0.726532 0.0239392 1
4 4.58858 4.48877 0.217629 4 0.51 -0.753831 0.0217629 1
4 4.58949 4.48742 0.197845 4 0.491007 -0.766337 0.0197845 1
4 4.62482 4.43229 0.179859 4 0.471494 -0.778495 0.0179859 1
4 4.68238 4.33725 0.163508 4 0.513797 -0.751248 0.0163508 1
4 4.79718 4.16939 0.148644 4 0.594391 -0.689246 0.0148644 1
4 4.87791 4.07578 0.135131 4 0.164695 -0.895118 0.0135131 1
4 4.88045 4.06196 0.122846 4 0.173638 -0.893426 0.0122846 1
4 4.89154 4.00492 0.111678 4 0.155049 -0.896839 0.0111678 1
4 4.90193 3.94478 0.101526 4 0.158139 -0.8963 0.0101526 1
4 4.9093 3.90306 0.092296 4 0.362328 -0.834913 0.0092296 1
4 4.91916 3.88032 0.0839055 4 0.432785 -0.800661 0.00839055 1
4 4.92434 3.87073 0.0762777 4 0.466042 -0.781771 0.00762777 1
4 4.99978 3.74419 0.0693433 4 0.53107 -0.739138 0.00693433 1
4 5 3.74388 0.0630394 4 0.526708 -0.742253 0.00630394 1
4 5.0826 3.62748 0.0573086 4 0.530137 -0.739808 0.00573086 1
4 5.1361 3.55283 0.0520987 4 0.559053 -0.718207 0.00520987 1
4 5.15629 3.52688 0.0473624 4 0.419004 -0.807958 0.00473624 1
4 5.15754 3.52448 0.0430568 4 0.411665 -0.811722 0.00430568 1
4 5.17231 3.49535 0.0391425 4 0.488978 -0.767634 0.00391425 1
4 5.19484 3.45997 0.0355841 4 0.482552 -0.771689 0.00355841 1
4 5.23913 3.38915 0.0323492 4 0.426143 -0.804216 0.00323492 1
4 5.24583 3.37652 0.0294083 4 0.447831 -0.792344 0.00294083 1
4 5.32599 3.23468 0.0267349 4 0.516676 -0.749271 0.00267349 1
4 5.35574 3.19153 0.0243044 4 0.475485 -0.776064 0.00243044 1
4 5.38709 3.14038 0.0220949 4 0.500282 -0.760315 0.00220949 1
4 5.39786 3.12401 0.0200863 4 0.522624 -0.745134 0.00200863 1
4 5.41313 3.10224 0.0182603 4 0.471972 -0.778205 0.00182603 1
4 5.44379 3.05167 0.0166002 4 0.425764 -0.804417 0.00166002 1
4 5.48594 2.97204 0.0150911 4 0.304532 -0.857684 0.00150911 1
4 5.53254 2.84079 0.0137192 4 0.297247 -0.860235 0.00137192 1
4 5.54524 2.80405 0.012472 4 0.312201 -0.854922 0.0012472 1
4 5.55291 2.78304 0.0113382 4 0.291721 -0.862125 0.00113382 1
4 5.64548 2.50947 0.0103074 4 0.312365 -0.854862 0.00103074 1
4 5.64894 2.5 0.00937041 4 0.312365 0.854862 0.000937041 1
4 5.65846 2.52604 0.00851855 4 0.682691 0.601908 0.000851855 1
4 5.74806 2.60504 0.00774414 4 0.69693 0.585363 0.000774414 1
4 5.80156 2.64998 0.00704013 4 0.776017 0.475562 0.000704013 1
4 5.89196 2.70538 0.00640011 4 0.784003 0.462277 0.000640011 1
4 6.03241 2.78819 0.00581829 4 0.77982 0.4693 0.000581829 1
4 6.13203 2.84815 0.00528935 4 0.76198 0.497743 0.000528935 1
4 6.226 2.90953 0.0048085 4 0.750189 0.515341 0.00048085 1
4 6.26833 2.93861 0.00437136 4 0.751928 0.512801 0.000437136 1
4 6.34448 2.99054 0.00397397 4 0.557418 0.719476 0.000397397 1
4 6.38474 3.04251 0.0036127 4 0.540836 0.732022 0.00036127 1
4 6.44504 3.12413 0.00328427 4 0.527849 0.741442 0.000328427 1
4 6.45321 3.1356 0.0029857 4 0.552468 0.723284 0.00029857 1
4 6.48727 3.18019 0.00271427 4 0.596352 0.68755 0.000271427 1
4 6.59109 3.29989 0.00246752 4 0.590219 0.692822 0.000246752 1
4 6.59866 3.30877 0.0022432 4 -0.330783 0.847905 0.00022432 1
4 6.59268 3.32408 0.00203927 4 -0.322984 0.850907 0.000203927 1
4 6.58732 3.33821 0.00185388 4 -0.320257 0.851937 0.000185388 1
4 6.56999 3.38431 0.00168535 4 -0.340818 0.843922 0.000168535 1
4 6.55287 3.42671 0.00153214 4 -0.425297 0.804663 0.000153214 1
4 6.50798 3.51164 0.00139285 4 -0.338046 0.845036 0.000139285 1
4 6.48654 3.56524 0.00126623 4 -0.316612 0.853298 0.000126623 1
4 6.3971 3.80628 0.00115112 4 -0.361535 0.835256 0.000115112 1
4 6.36069 3.89039 0.00104647 4 -0.347249 0.841296 0.000104647 1
4 6.3357 3.95095 0.000951336 4 -0.378652 0.827637 9.51336e-05 1
4 6.30853 4.01033 0.000864851 4 -0.392258 0.821276 8.64851e-05 1
4 6.29677 4.03495 0.000786228 4 -0.409816 0.812657 7.86228e-05 1
4 6.23147 4.16445 0.000714753 4 -0.387194 0.823676 7.14753e-05 1
4 6.13862 4.36195 0.000649775 4 -0.401219 0.816936 6.49775e-05 1
4 6.12805 4.38348 0.000590705 4 -0.4114 0.811857 5.90705e-05 1
4 6.11386 4.41149 0.000537004 4 -0.450287 0.79095 5.37004e-05 1
4 6.11341 4.41227 0.000488186 4 -0.487339 0.768675 4.88186e-05 1
4 6.10432 4.42661 0.000443805 4 -0.496412 0.762847 4.43805e-05 1
4 6.05656 4.5 0.000403459 4 -0.517946 0.748394 4.03459e-05 1
4 5.96561 4.63142 0.000366781 4 -0.511138 0.75306 3.66781e-05 1
4 5.93954 4.66983 0.000333438 4 -0.393528 0.820668 3.33438e-05 1
4 5.93927 4.67039 0.000303125 4 -0.358384 0.836613 3.03125e-05 1
4 5.86795 4.83688 0.000275568 4 -0.397036 0.818977 2.75568e-05 1
4 5.7453 5.08987 0.000250517 4 -0.423643 0.805535 2.50517e-05 1
4 5.71473 5.148 0.000227742 4 -0.412497 0.8113 2.27742e-05 1
4 5.69611 5.18462 0.000207038 4 -0.421088 0.806874 2.07038e-05 1
4 5.65474 5.2639 0.000188217 4 -0.43287 0.800615 1.88217e-05 1
4 5.61042 5.34587 0.000171106 4 -0.381396 0.826376 1.71106e-05 1
4 5.5723 5.42847 0.000155551 4 -0.435007 0.799456 1.55551e-05 1
4 5.56718 5.43787 0.00014141 4 -0.333716 0.846755 1.4141e-05 1
4 5.54888 5.48432 0.000128555 4 -0.320341 0.851905 1.28555e-05 1
4 5.50933 5.5895 0.000116868 4 -0.335836 0.845917 1.16868e-05 1
4 5.50668 5.59617 0.000106243 4 -0.330509 0.848012 1.06243e-05 1
4 5.49618 5.6231 9.6585e-05 4 -0.283925 0.864724 9.6585e-06 1
5 3.99235 5.98003 1 5 -0.77312 0.22688 0 1
5 3.9783 5.98415 0.909091 5 -0.770491 0.235654 0.0909091 1
5 3.92465 6.00056 0.826446 5 -0.773727 0.224799 0.0826446 1
5 3.88277 6.01273 0.751315 5 -0.779236 0.204888 0.0751315 1
5 3.78524 6.03837 0.683013 5 -0.761521 0.2632 0.0683013 1
5 3.71116 6.06398 0.620921 5 -0.747638 0.300377 0.0620921 1
5 3.70735 6.06551 0.564474 5 -0.7383 0.322648 0.0564474 1
5 3.69144 6.07246 0.513158 5 -0.735826 0.328251 0.0513158 1
5 3.58955 6.11791 0.466507 5 -0.73064 0.339638 0.0466507 1
5 3.58067 6.12204 0.424098 5 -0.752836 0.2871 0.0424098 1
5 3.556 6.13145 0.385543 5 -0.711124 0.378803 0.0385543 1
5 3.48977 6.16673 0.350494 5 -0.720843 0.359965 0.0350494 1
5 3.48528 6.16897 0.318631 5 -0.706531 0.387301 0.0318631 1
5 3.46672 6.17915 0.289664 5 -0.688444 0.418609 0.0289664 1
5 3.44344 6.1933 0.263331 5 -0.681673 0.429546 0.0263331 1
5 3.43589 6.19806 0.239392 5 -0.635466 0.49535 0.0239392 1
5 3.36785 6.2511 0.217629 5 -0.631762 0.500065 0.0217629 1
5 3.35937 6.25781 0.197845 5 -0.670528 0.446745 0.0197845 1
5 3.34566 6.26695 0.179859 5 -0.654949 0.469288 0.0179859 1
5 3.32287 6.28327 0.163508 5 -0.654614 0.469755 0.0163508 1
5 3.25168 6.33436 0.148644 5 -0.614846 0.520724 0.0148644 1
5 3.22825 6.35421 0.135131 5 -0.537395 0.60033 0.0135131 1
5 3.21668 6.36712 0.122846 5 -0.583432 0.555694 0.0122846 1
5 3.2056 6.37768 0.111678 5 -0.544945 0.593485 0.0111678 1
5 3.11048 6.48127 0.101526 5 -0.549699 0.589084 0.0101526 1
5 3.09749 6.49519 0.092296 5 -0.589551 0.549198 0.0092296 1
5 3.03455 6.55382 0.0839055 5 -0.575379 0.564028 0.00839055 1
5 2.87582 6.70942 0.0762777 5 -0.568155 0.571304 0.00762777 1
5 2.82951 6.75599 0.0693433 5 -0.520319 0.615188 0.00693433 1
5 2.81347 6.77496 0.0630394 5 -0.549852 0.588941 0.00630394 1
5 2.80544 6.78355 0.0573086 5 -0.542826 0.595423 0.00573086 1
5 2.7417 6.85347 0.0520987 5 -0.546921 0.591664 0.00520987 1
5 2.73375 6.86207 0.0473624 5 -0.748374 0.298539 0.00473624 1
5 2.73175 6.86287 0.0430568 5 -0.777692 0.210674 0.00430568 1
5 2.53462 6.91627 0.0391425 5 -0.785136 0.180971 0.00391425 1
5 2.501 6.92402 0.0355841 5 -0.781397 0.196486 0.00355841 1
5 2.31381 6.97109 0.0323492 5 -0.786372 0.175521 0.00323492 1
5 2.30674 6.97267 0.0294083 5 -0.800176 0.0943782 0.00294083 1
5 2.24295 6.98019 0.0267349 5 -0.763379 0.257763 0.00267349 1
5 2.15513 7.00984 0.0243044 5 -0.765177 0.252376 0.00243044 1
5 2.11844 7.02195 0.0220949 5 -0.805547 0.016807 0.00220949 1
5 2.10327 7.02226 0.0200863 5 -0.802587 0.0710117 0.00200863 1
5 2.0501 7.02697 0.0182603 5 -0.804401 0.0461193 0.00182603 1
5 1.98758 7.03055 0.0166002 5 -0.781828 0.194765 0.00166002 1
5 1.97257 7.03429 0.0150911 5 -0.793883 0.137615 0.00150911 1
5 1.95911 7.03662 0.0137192 5 -0.783555 0.187699 0.00137192 1
5 1.78455 7.07844 0.012472 5 -0.766941 0.246963 0.0012472 1
5 1.77245 7.08234 0.0113382 5 -0.775478 0.218685 0.00113382 1
5 1.68753 7.10628 0.0103074 5 -0.77269 0.228339 0.00103074 1
5 1.67975 7.10858 0.00937041 5 -0.0823202 0.801506 0.000937041 1
5 1.67833 7.12236 0.00851855 5 -0.0571644 0.803692 0.000851855 1
5 1.67543 7.16322 0.00774414 5 -0.0766499 0.802068 0.000774414 1
5 1.67334 7.18502 0.00704013 5 -0.0708444 0.802602 0.000704013 1
5 1.66437 7.28666 0.00640011 5 -0.00222224 0.805719 0.000640011 1
5 1.66399 7.42548 0.00581829 5 -0.050591 0.804133 0.000581829 1
5 1.6619 7.45871 0.00528935 5 -0.0868327 0.80103 0.000528935 1
5 1.654 7.5316 0.0048085 5 -0.0729635 0.802412 0.00048085 1
5 1.65333 7.53894 0.00437136 5 -0.124609 0.796028 0.000437136 1
5 1.63907 7.63006 0.00397397 5 -0.119136 0.796866 0.000397397 1
5 1.63595 7.65091 0.0036127 5 -0.175402 0.786399 0.00036127 1
5 1.60439 7.79238 0.00328427 5 -0.220375 0.774999 0.000328427 1
5 1.6019 7.80114 0.0029857 5 0.459112 0.662122 0.00029857 1
5 1.61141 7.81485 0.00271427 5 0.499805 0.631968 0.000271427 1
5 1.61728 7.82228 0.00246752 5 0.488896 0.640444 0.000246752 1
5 1.63481 7.84524 0.0022432 5 0.435896 0.67763 0.00022432 1
5 1.65795 7.88121 0.00203927 5 0.423099 0.685694 0.000203927 1
5 1.67842 7.91438 0.00185388 5 0.435902 0.677627 0.000185388 1
5 1.69962 7.94734 0.00168535 5 0.413149 0.691735 0.000168535 1
5 1.75166 8.03448 0.00153214 5 0.367421 0.717071 0.000153214 1
5 1.78595 8.10141 0.00139285 5 0.591003 0.547635 0.000139285 1
5 1.90605 8.21269 0.00126623 5 0.562362 0.577007 0.000126623 1
5 2.00051 8.30961 0.00115112 5 0.499772 0.631994 0.000115112 1
5 2.00381 8.31378 0.00104647 5 0.779384 0.204328 0.000104647 1
5 2.01055 8.31555 0.000951336 5 0.773481 0.225646 9.51336e-05 1
5 2.06063 8.33016 0.000864851 5 0.790861 0.154036 8.64851e-05 1
5 2.10337 8.33848 0.000786228 5 0.781386 0.196531 7.86228e-05 1
5 2.19637 8.36187 0.000714753 5 0.758913 0.270628 7.14753e-05 1
5 2.20355 8.36443 0.000649775 5 0.765375 0.251773 6.49775e-05 1
5 2.24396 8.37772 0.000590705 5 0.750391 0.29343 5.90705e-05 1
5 2.28847 8.39513 0.000537004 5 0.744751 0.307466 5.37004e-05 1
5 2.35158 8.42118 0.000488186 5 0.750385 0.293447 4.88186e-05 1
5 2.51026 8.48324 0.000443805 5 0.804653 -0.0414921 4.43805e-05 1
5 2.70837 8.47302 0.000403459 5 0.785163 -0.180852 4.03459e-05 1
5 2.79893 8.45216 0.000366781 5 0.783754 -0.186864 3.66781e-05 1
5 2.82366 8.44626 0.000333438 5 0.768891 -0.240821 3.33438e-05 1
5 2.85516 8.4364 0.000303125 5 0.799538 -0.0996367 3.03125e-05 1
5 2.87409 8.43404 0.000275568 5 0.80289 -0.0674968 2.75568e-05 1
5 2.94266 8.42827 0.000250517 5 0.804246 -0.048753 2.50517e-05 1
5 2.94355 8.42822 0.000227742 5 0.802415 -0.0729296 2.27742e-05 1
5 2.98905 8.42408 0.000207038 5 0.792022 -0.14795 2.07038e-05 1
5 3.04517 8.4136 0.000188217 5 0.792699 -0.144279 1.88217e-05 1
5 3.06584 8.40984 0.000171106 5 0.73779 -0.323813 1.71106e-05 1
5 3.22363 8.34058 0.000155551 5 0.736672 -0.326348 1.55551e-05 1
5 3.34832 8.28535 0.00014141 5 0.737986 -0.323367 1.4141e-05 1
5 3.37149 8.2752 0.000128555 5 0.743053 -0.311546 1.28555e-05 1
5 3.37191 8.27502 0.000116868 5 0.7335 -0.333416 1.16868e-05 1
5 3.42473 8.25101 0.000106243 5 0.729911 -0.341201 1.06243e-05 1
5 3.46528 8.23206 9.6585e-05 5 0.538383 -0.599444 9.6585e-06 1
6 4.03874 5.95909 1 6 -0.70274 -0.29726 0 1
6 3.89112 5.89664 0.909091 6 -0.757643 -0.0904662 0.0909091 1
6 3.85987 5.89291 0.826446 6 -0.759217 -0.0761329 0.0826446 1
6 3.63271 5.87013 0.751315 6 -0.758407 -0.0838173 0.0751315 1
6 3.62897 5.86972 0.683013 6 -0.759457 -0.0736971 0.0683013 1
6 3.56229 5.86325 0.620921 6 -0.760805 -0.0581656 0.0620921 1
6 3.48635 5.85744 0.564474 6 -0.762401 -0.0308466 0.0564474 1
6 3.37627 5.85299 0.513158 6 -0.723048 0.243737 0.0513158 1
6 3.36022 5.8584 0.466507 6 -0.734859 0.205401 0.0466507 1
6 3.31618 5.87071 0.424098 6 -0.740178 0.18532 0.0424098 1
6 3.30258 5.87411 0.385543 6 -0.730599 0.220074 0.0385543 1
6 3.13008 5.92607 0.350494 6 -0.737542 0.195549 0.0350494 1
6 3.11877 5.92907 0.318631 6 -0.637553 0.419205 0.0318631 1
6 3.09482 5.94482 0.289664 6 -0.580762 0.494896 0.0289664 1
6 2.82187 6.17742 0.263331 6 -0.581142 0.49445 0.0263331 1
6 2.77463 6.21761 0.239392 6 -0.591005 0.482618 0.0239392 1
6 2.73805 6.24748 0.217629 6 -0.658524 0.385426 0.0217629 1
6 2.7274 6.25372 0.197845 6 -0.674006 0.357663 0.0197845 1
6 2.70694 6.26457 0.179859 6 -0.67949 0.347132 0.0179859 1
6 2.68539 6.27558 0.163508 6 -0.686081 0.333916 0.0163508 1
6 2.64892 6.29333 0.148644 6 -0.679024 0.348042 0.0148644 1
6 2.60551 6.31558 0.135131 6 -0.715396 0.265358 0.0135131 1
6 2.5803 6.32493 0.122846 6 -0.71169 0.275143 0.0122846 1
6 2.57571 6.32671 0.111678 6 -0.73161 0.216689 0.0111678 1
6 2.53953 6.33742 0.101526 6 -0.717059 0.260832 0.0101526 1
6 2.44714 6.37103 0.092296 6 -0.703483 0.295497 0.0092296 1
6 2.43182 6.37747 0.0839055 6 -0.704066 0.294106 0.00839055 1
6 2.39594 6.39245 0.0762777 6 -0.716915 0.261227 0.00762777 1
6 2.32842 6.41705 0.0693433 6 -0.724276 0.240066 0.00693433 1
6 2.25755 6.44055 0.0630394 6 -0.714268 0.268381 0.00630394 1
6 2.19212 6.46513 0.0573086 6 -0.727246 0.230912 0.00573086 1
6 2.15534 6.47681 0.0520987 6 -0.400447 0.649499 0.00520987 1
6 2.03481 6.67231 0.0473624 6 -0.424436 0.634083 0.00473624 1
6 1.99279 6.73508 0.0430568 6 -0.414915 0.640353 0.00430568 1
6 1.97243 6.7665 0.0391425 6 -0.469169 0.601737 0.00391425 1
6 1.92573 6.8264 0.0355841 6 -0.42503 0.633685 0.00355841 1
6 1.9028 6.86058 0.0323492 6 -0.564251 0.513642 0.00323492 1
6 1.8595 6.9 0.0294083 6 -0.522736 0.555836 0.00294083 1
6 1.81545 6.94684 0.0267349 6 -0.553568 0.525138 0.00267349 1
6 1.8046 6.95713 0.0243044 6 -0.512215 0.565547 0.00243044 1
6 1.76726 6.99836 0.0220949 6 -0.556731 0.521783 0.00220949 1
6 1.71369 7.04856 0.0200863 6 -0.547775 0.531178 0.00200863 1
6 1.64115 7.11891 0.0182603 6 -0.534207 0.544821 0.00182603 1
6 1.59267 7.16835 0.0166002 6 -0.536625 0.542439 0.00166002 1
6 1.54569 7.21584 0.0150911 6 -0.543763 0.535283 0.00150911 1
6 1.50944 7.25152 0.0137192 6 -0.547431 0.531532 0.00137192 1
6 1.49838 7.26226 0.012472 6 -0.566016 0.511696 0.0012472 1
6 1.46682 7.2908 0.0113382 6 -0.550555 0.528296 0.00113382 1
6 1.44984 7.30709 0.0103074 6 -0.536074 0.542984 0.00103074 1
6 1.43089 7.32629 0.00937041 6 -0.544354 0.534682 0.000937041 1
6 1.41514 7.34176 0.00851855 6 -0.552353 0.526416 0.000851855 1
6 1.3957 7.36029 0.00774414 6 -0.557418 0.521049 0.000774414 1
6 1.37981 7.37514 0.00704013 6 -0.604485 0.465624 0.000704013 1
6 1.24459 7.47929 0.00640011 6 -0.620039 0.444701 0.000640011 1
7 3.97485 6.01868 1 7 -0.53936 -0.46064 0 1
7 3.94041 5.98926 0.909091 7 -0.561182 -0.43379 0.0909091 1
7 3.87109 5.93567 0.826446 7 -0.559717 -0.435678 0.0826446 1
7 3.86639 5.93202 0.751315 7 -0.570066 -0.422047 0.0751315 1
7 3.73062 5.8315 0.683013 7 -0.546564 -0.452069 0.0683013 1
7 3.7002 5.80634 0.620921 7 -0.536394 -0.464091 0.0620921 1
7 3.68349 5.79188 0.564474 7 -0.552397 -0.444922 0.0564474 1
7 3.5569 5.68992 0.513158 7 -0.5736 -0.417231 0.0513158 1
7 3.51461 5.65916 0.466507 7 -0.519089 -0.483369 0.0466507 1
7 3.46349 5.61156 0.424098 7 -0.525146 -0.476781 0.0424098 1
7 3.44458 5.59439 0.385543 7 -0.519325 -0.483115 0.0385543 1
7 3.43946 5.58963 0.350494 7 -0.522775 -0.47938 0.0350494 1
7 3.43393 5.58455 0.318631 7 -0.528273 -0.473314 0.0318631 1
7 3.37397 5.53083 0.289664 7 -0.497465 -0.505595 0.0289664 1
7 3.35949 5.51612 0.263331 7 -0.553958 -0.442978 0.0263331 1
7 3.34089 5.50124 0.239392 7 -0.56759 -0.42537 0.0239392 1
7 3.31858 5.48453 0.217629 7 -0.618789 -0.346698 0.0217629 1
7 3.25119 5.44677 0.197845 7 -0.591958 -0.390747 0.0197845 1
7 3.24313 5.44145 0.179859 7 -0.594738 -0.386504 0.0179859 1
7 3.07319 5.33101 0.163508 7 -0.56726 -0.42581 0.0163508 1
7 3.02501 5.29484 0.148644 7 -0.632519 -0.320965 0.0148644 1
7 2.98737 5.27574 0.135131 7 -0.614584 -0.354097 0.0135131 1
7 2.81248 5.17498 0.122846 7 -0.612046 -0.358467 0.0122846 1
7 2.7964 5.16556 0.111678 7 -0.58848 -0.395967 0.0111678 1
7 2.69861 5.09976 0.101526 7 -0.138775 -0.695586 0.0101526 1
7 2.6954 5.08366 0.092296 7 -0.142957 -0.694739 0.0092296 1
7 2.68248 5.02087 0.0839055 7 -0.103539 -0.701697 0.00839055 1
7 2.67902 4.99741 0.0762777 7 0.253556 -0.662426 0.00762777 1
7 2.70842 4.9206 0.0693433 7 0.198822 -0.680858 0.00693433 1
7 2.72572 4.86134 0.0630394 7 0.233754 -0.66967 0.00630394 1
7 2.74916 4.7942 0.0573086 7 0.335628 -0.624862 0.00573086 1
7 2.75554 4.78232 0.0520987 7 0.371022 -0.604517 0.00520987 1
7 2.76433 4.76799 0.0473624 7 0.39499 -0.589136 0.00473624 1
7 2.83774 4.6585 0.0430568 7 0.375928 -0.601479 0.00430568 1
7 2.86262 4.6187 0.0391425 7 0.379089 -0.599491 0.00391425 1
7 2.87452 4.59987 0.0355841 7 0.389953 -0.592482 0.00355841 1
7 2.89458 4.5694 0.0323492 7 0.381562 -0.597921 0.00323492 1
7 2.90159 4.5584 0.0294083 7 0.404759 -0.582467 0.00294083 1
7 2.97178 4.4574 0.0267349 7 0.436695 -0.558923 0.00267349 1
7 2.97508 4.45319 0.0243044 7 0.45248 -0.546224 0.00243044 1
7 2.98374 4.44272 0.0220949 7 0.456419 -0.542937 0.00220949 1
7 3.02611 4.39232 0.0200863 7 0.447882 -0.55 0.00200863 1
7 3.04455 4.36967 0.0182603 7 0.380337 -0.5987 0.00182603 1
7 3.09481 4.29057 0.0166002 7 0.335059 -0.625167 0.00166002 1
7 3.10454 4.27241 0.0150911 7 0.338385 -0.623373 0.00150911 1
7 3.11536 4.25247 0.0137192 7 0.301152 -0.642188 0.00137192 1
7 3.13682 4.20672 0.012472 7 0.316792 -0.634619 0.0012472 1
7 3.15264 4.17502 0.0113382 7 0.323827 -0.631058 0.00113382 1
7 3.17456 4.13231 0.0103074 7 0.275715 -0.653513 0.00103074 1
7 3.20509 4.05994 0.00937041 7 0.29916 -0.643119 0.000937041 1
7 3.22693 4.01298 0.00851855 7 0.0281078 -0.708737 0.000851855 1
7 3.22909 3.9585 0.00774414 7 0.0118584 -0.709195 0.000774414 1
7 3.23031 3.88601 0.00704013 7 0.000838422 -0.709294 0.000704013 1
7 3.23032 3.87109 0.00640011 7 -0.0130241 -0.709175 0.000640011 1
7 3.23018 3.863 0.00581829 7 0.00522055 -0.709275 0.000581829 1
7 3.23082 3.77486 0.00528935 7 0.158465 -0.691366 0.000528935 1
7 3.26227 3.63765 0.0048085 7 0.133535 -0.696611 0.00048085 1
7 3.26437 3.62671 0.00437136 7 0.150498 -0.693144 0.000437136 1
7 3.26443 3.62642 0.00397397 7 0.154791 -0.692198 0.000397397 1
7 3.28141 3.5505 0.0036127 7 0.0744766 -0.705373 0.00036127 1
7 3.28158 3.54888 0.00328427 7 0.0828476 -0.704439 0.000328427 1
7 3.28707 3.50224 0.0029857 7 0.115119 -0.69989 0.00029857 1
7 3.31775 3.31573 0.00271427 7 0.0315656 -0.708592 0.000271427 1
7 3.32251 3.20882 0.00246752 7 0.00979786 -0.709227 0.000246752 1
7 3.32376 3.1182 0.0022432 7 0.200603 -0.680336 0.00022432 1
7 3.4093 2.8281 0.00203927 7 0.193534 -0.68238 0.000203927 1
7 3.41751 2.79916 0.00185388 7 0.120867 -0.69892 0.000185388 1
7 3.41973 2.78628 0.00168535 7 0.0825082 -0.704479 0.000168535 1
7 3.42308 2.75768 0.00153214 7 0.0468057 -0.707748 0.000153214 1
7 3.44976 2.35425 0.00139285 7 0.0168951 -0.709093 0.000139285 1
7 3.45264 2.23335 0.00126623 7 -0.00264774 -0.709289 0.000126623 1
7 3.45202 2.06555 0.00115112 7 -0.0244234 -0.708874 0.000115112 1
7 3.45106 2.03769 0.00104647 7 0.0273979 -0.708765 0.000104647 1
7 3.45367 1.97005 0.000951336 7 0.0697517 -0.705856 9.51336e-05 1
7 3.45538 1.95275 0.000864851 7 0.0611353 -0.706655 8.64851e-05 1
7 3.45968 1.90301 0.000786228 7 0.0587795 -0.706855 7.86228e-05 1
7 3.46426 1.84795 0.000714753 7 0.149647 -0.693328 7.14753e-05 1
7 3.49543 1.70354 0.000649775 7 0.102761 -0.701811 6.49775e-05 1
7 3.50105 1.66519 0.000590705 7 0.107367 -0.701121 5.90705e-05 1
7 3.50831 1.61774 0.000537004 7 0.116046 -0.699737 5.37004e-05 1
7 3.51401 1.58337 0.000488186 7 0.143483 -0.69463 4.88186e-05 1
7 3.5159 1.57424 0.000443805 7 0.146841 -0.693928 4.43805e-05 1
7 3.52021 1.55388 0.000403459 7 0.129163 -0.697435 4.03459e-05 1
7 3.55315 1.37602 0.000366781 7 0.193283 -0.682452 3.66781e-05 1
7 3.55878 1.35612 0.000333438 7 0.173521 -0.687742 3.33438e-05 1
7 3.55961 1.35284 0.000303125 7 0.157943 -0.691486 3.03125e-05 1
7 3.59514 1.1973 0.000275568 7 0.169288 -0.688796 2.75568e-05 1
7 3.60935 1.13949 0.000250517 7 0.200036 -0.680503 2.50517e-05 1
7 3.63506 1.05201 0.000227742 7 0.21356 -0.67638 2.27742e-05 1
7 3.64723 1.01346 0.000207038 7 0.288022 -0.648183 2.07038e-05 1
7 3.65654 0.992505 0.000188217 7 0.359981 -0.611156 1.88217e-05 1
7 3.68383 0.94617 0.000171106 7 0.239184 -0.66775 1.71106e-05 1
7 3.73848 0.7936 0.000155551 7 0.279917 -0.651724 1.55551e-05 1
7 3.74787 0.771739 0.00014141 7 0.290061 -0.647274 1.4141e-05 1
7 3.77789 0.704748 0.000128555 7 0.307291 -0.639274 1.28555e-05 1
7 3.79768 0.663594 0.000116868 7 0.592605 0.389766 1.16868e-05 1
7 3.85341 0.700251 0.000106243 7 0.584867 0.401284 1.06243e-05 1
7 3.8888 0.724534 9.6585e-05 7 0.600653 0.377246 9.6585e-06 1
8 4.0232 5.98804 1 8 0.437371 -0.562629 0 1
8 4.0245 5.98637 0.909091 8 0.42862 -0.569324 0.0909091 1
8 4.07934 5.91352 0.826446 8 0.385596 -0.5993 0.0826446 1
8 4.08583 5.90344 0.751315 8 0.381349 -0.602012 0.0751315 1
8 4.13231 5.83006 0.683013 8 0.396304 -0.592273 0.0683013 1
8 4.17202 5.77072 0.620921 8 0.692359 0.168771 0.0620921 1
8 4.20717 5.77929 0.564474 8 0.681008 0.209936 0.0564474 1
8 4.21775 5.78255 0.513158 8 0.634937 0.323574 0.0513158 1
8 4.42778 5.88959 0.466507 8 0.468427 0.537048 0.0466507 1
8 4.48701 5.95749 0.424098 8 0.5377 0.467679 0.0424098 1
8 4.53601 6.00011 0.385543 8 0.203645 0.682915 0.0385543 1
8 4.57191 6.12052 0.350494 8 0.171445 0.691702 0.0350494 1
8 4.57621 6.13785 0.318631 8 0.18652 0.68779 0.0318631 1
8 4.59648 6.21261 0.289664 8 0.411827 0.581587 0.0289664 1
8 4.59991 6.21746 0.263331 8 0.313589 0.639927 0.0263331 1
8 4.60281 6.22337 0.239392 8 0.238892 0.671398 0.0239392 1
8 4.65881 6.38076 0.217629 8 0.24753 0.668262 0.0217629 1
8 4.68161 6.44231 0.197845 8 0.0606952 0.710043 0.0197845 1
8 4.69142 6.55708 0.179859 8 0.0749029 0.708685 0.0179859 1
8 4.69356 6.57733 0.163508 8 0.0895113 0.706988 0.0163508 1
8 4.69859 6.61709 0.148644 8 0.0661172 0.709558 0.0148644 1
8 4.71174 6.75816 0.135131 8 0.0740726 0.708772 0.0135131 1
8 4.71737 6.81199 0.122846 8 0.0658305 0.709585 0.0122846 1
8 4.72409 6.88445 0.111678 8 0.0875599 0.707233 0.0111678 1
8 4.73003 6.93244 0.101526 8 0.194825 0.685484 0.0101526 1
8 4.77874 7.10384 0.092296 8 0.157948 0.694908 0.0092296 1
8 4.79803 7.1887 0.0839055 8 0.164668 0.693346 0.00839055 1
8 4.81225 7.24856 0.0762777 8 -0.366997 0.610866 0.00762777 1
8 4.79422 7.27856 0.0693433 8 -0.359233 0.615464 0.00693433 1
8 4.73613 7.37809 0.0630394 8 -0.356199 0.617225 0.00630394 1
8 4.73597 7.37837 0.0573086 8 -0.373374 0.60699 0.00573086 1
8 4.73101 7.38643 0.0520987 8 -0.389106 0.597027 0.00520987 1
8 4.66839 7.48251 0.0473624 8 -0.406225 0.585514 0.00473624 1
8 4.61343 7.56173 0.0430568 8 -0.384538 0.599979 0.00430568 1
8 4.56016 7.64485 0.0391425 8 -0.379141 0.603404 0.00391425 1
8 4.54686 7.66601 0.0355841 8 -0.395356 0.592906 0.00355841 1
8 4.49574 7.74267 0.0323492 8 -0.385629 0.599279 0.00323492 1
8 4.47356 7.77714 0.0294083 8 -0.364395 0.612422 0.00294083 1
8 4.46596 7.78991 0.0267349 8 -0.4919 0.515635 0.00267349 1
8 4.46047 7.79567 0.0243044 8 -0.487082 0.520188 0.00243044 1
8 4.32058 7.94507 0.0220949 8 -0.142936 0.69815 0.00220949 1
8 4.28838 8.10235 0.0200863 8 -0.2658 0.661207 0.00200863 1
8 4.28665 8.10665 0.0182603 8 -0.178857 0.689822 0.00182603 1
8 4.28134 8.12711 0.0166002 8 -0.121504 0.702198 0.00166002 1
8 4.27006 8.19231 0.0150911 8 -0.110497 0.704014 0.00150911 1
8 4.25192 8.30789 0.0137192 8 -0.13541 0.699649 0.00137192 1
8 4.24806 8.32785 0.012472 8 -0.17206 0.691549 0.0012472 1
8 4.24086 8.35676 0.0113382 8 -0.264804 0.661607 0.00113382 1
8 4.16037 8.55788 0.0103074 8 -0.248929 0.667742 0.00103074 1
8 4.15501 8.57226 0.00937041 8 -0.234742 0.67286 0.000937041 1
8 4.13874 8.61888 0.00851855 8 -0.182401 0.688894 0.000851855 1
8 4.13647 8.62747 0.00774414 8 -0.192625 0.686105 0.000774414 1
8 4.1333 8.63876 0.00704013 8 0.000763376 0.712632 0.000704013 1
8 4.13331 8.6508 0.00640011 8 0.678789 0.217002 0.000640011 1
8 4.139 8.65262 0.00581829 8 0.683675 0.201079 0.000581829 1
8 4.21796 8.67584 0.00528935 8 0.356089 0.617289 0.000528935 1
8 4.27953 8.78257 0.0048085 8 0.135033 0.699722 0.00048085 1
8 4.27957 8.78276 0.00437136 8 0.196768 0.684929 0.000437136 1
8 4.29865 8.84919 0.00397397 8 -0.515331 0.492218 0.000397397 1
8 4.06807 9.06943 0.0036127 8 -0.495413 0.512261 0.00036127 1
8 4.04902 9.08913 0.00328427 8 -0.502691 0.50512 0.000328427 1
8 3.99414 9.14428 0.0029857 8 -0.706012 0.0969106 0.00029857 1
8 3.98169 9.14599 0.00271427 8 -0.712316 0.0212286 0.000271427 1
8 3.95194 9.14687 0.00246752 8 -0.712615 -0.00494562 0.000246752 1
8 3.87253 9.14632 0.0022432 8 -0.712435 0.0167788 0.00022432 1
8 3.837 9.14716 0.00203927 8 -0.712154 0.0260973 0.000203927 1
8 3.66502 9.15346 0.00185388 8 -0.250313 -0.667224 0.000185388 1
8 3.64692 9.10522 0.00168535 8 -0.23448 -0.672951 0.000168535 1
8 3.64684 9.10498 0.00153214 8 -0.218273 -0.678382 0.000153214 1
8 3.6301 9.05296 0.00139285 8 -0.100117 -0.705565 0.000139285 1
8 3.61649 8.95705 0.00126623 8 -0.0598414 -0.710115 0.000126623 1
8 3.61121 8.89437 0.00115112 8 -0.0855374 -0.70748 0.000115112 1
8 3.60946 8.87988 0.00104647 8 -0.0943168 -0.706363 0.000104647 1
8 3.59089 8.74083 0.000951336 8 -0.116125 -0.703107 9.51336e-05 1
8 3.57819 8.66397 0.000864851 8 -0.0941996 -0.706379 8.64851e-05 1
8 3.5735 8.62876 0.000786228 8 -0.254813 -0.665519 7.86228e-05 1
8 3.53862 8.53767 0.000714753 8 -0.292989 -0.649617 7.14753e-05 1
8 3.49466 8.4402 0.000649775 8 -0.365721 -0.611631 6.49775e-05 1
8 3.47592 8.40885 0.000590705 8 -0.36004 -0.614993 5.90705e-05 1
8 3.4732 8.40422 0.000537004 8 -0.334534 -0.629231 5.37004e-05 1
8 3.45272 8.36568 0.000488186 8 -0.302882 -0.645064 4.88186e-05 1
8 3.44123 8.34122 0.000443805 8 -0.28812 -0.651791 4.43805e-05 1
8 3.38267 8.20875 0.000403459 8 -0.282078 -0.654429 4.03459e-05 1
8 3.3642 8.16588 0.000366781 8 -0.275178 -0.65736 3.66781e-05 1
8 3.36055 8.15718 0.000333438 8 -0.286263 -0.652609 3.33438e-05 1
8 3.29139 7.99951 0.000303125 8 -0.195349 -0.685335 3.03125e-05 1
8 3.28042 7.96101 0.000275568 8 -0.231314 -0.674046 2.75568e-05 1
8 3.27172 7.93566 0.000250517 8 -0.276781 -0.656686 2.50517e-05 1
8 3.26789 7.92657 0.000227742 8 -0.257356 -0.664539 2.27742e-05 1
8 3.23385 7.83867 0.000207038 8 -0.262772 -0.662417 2.07038e-05 1
8 3.21961 7.80279 0.000188217 8 -0.133422 -0.700031 1.88217e-05 1
8 3.15796 7.47932 0.000171106 8 -0.142258 -0.698289 1.71106e-05 1
8 3.15222 7.45113 0.000155551 8 -0.221423 -0.67736 1.55551e-05 1
8 3.1196 7.35135 0.00014141 8 -0.231721 -0.673906 1.4141e-05 1
8 3.07699 7.22742 0.000128555 8 -0.220019 -0.677817 1.28555e-05 1
8 3.07073 7.20814 0.000116868 8 -0.308494 -0.642399 1.16868e-05 1
8 3.00799 7.07749 0.000106243 8 -0.414644 -0.579582 1.06243e-05 1
8 3.00024 7.06665 9.6585e-05 8 -0.370273 -0.608887 9.6585e-06 1
8 2.99193 7.05298 8.78045e-05 8 -0.405112 -0.586284 8.78045e-06 1
9 3.96842 6.04193 1 9 0.386942 0.613058 0 1
9 3.97692 6.0554 0.909091 9 0.411518 0.596839 0.0909091 1
9 3.98216 6.06299 0.826446 9 0.441175 0.575264 0.0826446 1
9 4.01779 6.10945 0.751315 9 0.450924 0.567655 0.0751315 1
9 4.12547 6.24501 0.683013 9 0.453351 0.565719 0.0683013 1
9 4.17423 6.30585 0.620921 9 0.370513 0.623125 0.0620921 1
9 4.20579 6.35893 0.564474 9 0.373302 0.621458 0.0564474 1
9 4.21314 6.37117 0.513158 9 -0.202986 0.695961 0.0513158 1
9 4.20181 6.41001 0.466507 9 -0.220741 0.690534 0.0466507 1
9 4.19896 6.41893 0.424098 9 -0.227481 0.688343 0.0424098 1
9 4.18536 6.4601 0.385543 9 -0.200203 0.696766 0.0385543 1
9 4.18109 6.47496 0.350494 9 -0.192146 0.699031 0.0350494 1
9 4.1657 6.53093 0.318631 9 -0.190525 0.699474 0.0318631 1
9 4.16009 6.55155 0.289664 9 -0.207394 0.69466 0.0289664 1
9 4.15672 6.56281 0.263331 9 -0.0207042 0.724662 0.0263331 1
9 4.15527 6.61371 0.239392 9 0.00998115 0.724889 0.0239392 1
9 4.15609 6.67298 0.217629 9 0.0549081 0.722876 0.0217629 1
9 4.15881 6.7089 0.197845 9 0.0666421 0.721889 0.0197845 1
9 4.17005 6.83065 0.179859 9 0.572812 0.444354 0.0179859 1
9 4.23103 6.87795 0.163508 9 0.564051 0.455424 0.0163508 1
9 4.24892 6.8924 0.148644 9 0.557296 0.463665 0.0148644 1
9 4.25074 6.89392 0.135131 9 0.576443 0.439633 0.0135131 1
9 4.25416 6.89652 0.122846 9 0.566719 0.452099 0.0122846 1
9 4.27256 6.9112 0.111678 9 0.575865 0.44039 0.0111678 1
9 4.30628 6.93699 0.101526 9 0.599615 0.407463 0.0101526 1
9 4.32825 6.95192 0.092296 9 0.608655 0.393832 0.0092296 1
9 4.33455 6.956 0.0839055 9 0.598809 0.408647 0.00839055 1
9 4.41483 7.01078 0.0762777 9 0.620317 0.375195 0.00762777 1
9 4.42389 7.01626 0.0693433 9 0.612904 0.387186 0.00693433 1
9 4.60525 7.13083 0.0630394 9 0.61985 0.375966 0.00630394 1
9 4.7449 7.21554 0.0573086 9 0.646222 0.328576 0.00573086 1
9 4.84871 7.26832 0.0520987 9 0.59958 0.407515 0.00520987 1
9 4.92884 7.32278 0.0473624 9 0.723963 -0.0379753 0.00473624 1
9 4.93068 7.32268 0.0430568 9 0.724369 -0.0292271 0.00430568 1
9 4.9307 7.32268 0.0391425 9 0.717386 -0.104507 0.00391425 1
9 5.0087 7.31131 0.0355841 9 0.716066 -0.113197 0.00355841 1
9 5.0511 7.30461 0.0323492 9 0.712333 -0.134705 0.00323492 1
9 5.15876 7.28425 0.0294083 9 0.339918 -0.640328 0.00294083 1
9 5.20453 7.19803 0.0267349 9 0.441368 -0.575116 0.00267349 1
9 5.23133 7.16311 0.0243044 9 0.376228 -0.619691 0.00243044 1
9 5.33129 6.99846 0.0220949 9 0.364142 -0.626869 0.00220949 1
9 5.33758 6.98763 0.0200863 9 0.321456 -0.649793 0.00200863 1
9 5.38696 6.88782 0.0182603 9 0.304796 -0.657772 0.00182603 1
9 5.40475 6.84942 0.0166002 9 0.301752 -0.659174 0.00166002 1
9 5.41722 6.82218 0.0150911 9 0.331005 -0.644981 0.00150911 1
9 5.46811 6.72302 0.0137192 9 0.364391 -0.626724 0.00137192 1
9 5.49822 6.67124 0.012472 9 0.383141 -0.615441 0.0012472 1
9 5.50854 6.65466 0.0113382 9 0.378057 -0.618577 0.00113382 1
9 5.51987 6.63612 0.0103074 9 0.392159 -0.609734 0.00103074 1
9 5.54526 6.59663 0.00937041 9 0.434199 -0.580547 0.000937041 1
9 5.60585 6.51563 0.00851855 9 0.444412 -0.572767 0.000851855 1
9 5.61787 6.50013 0.00774414 9 0.438393 -0.577387 0.000774414 1
9 5.66228 6.44165 0.00704013 9 0.425341 -0.587068 0.000704013 1
9 5.66281 6.44091 0.00640011 9 0.459959 -0.560359 0.000640011 1
9 5.681 6.41875 0.00581829 9 0.446501 -0.57114 0.000581829 1
9 5.68324 6.41589 0.00528935 9 0.45744 -0.562417 0.000528935 1
9 5.71802 6.37313 0.0048085 9 0.416792 -0.593169 0.00048085 1
9 5.76356 6.30831 0.00437136 9 0.427229 -0.585696 0.000437136 1
9 5.80285 6.25445 0.00397397 9 0.397673 -0.606152 0.000397397 1
9 5.81413 6.23726 0.0036127 9 0.376534 -0.619505 0.00036127 1
9 5.82413 6.2208 0.00328427 9 0.36972 -0.623596 0.000328427 1
9 5.83829 6.19692 0.0029857 9 0.254157 0.678947 0.00029857 1
9 5.84431 6.213 0.00271427 9 0.184407 0.701112 0.000271427 1
9 5.88077 6.35162 0.00246752 9 0.161759 0.706681 0.000246752 1
9 5.8879 6.38275 0.0022432 9 0.667901 0.28191 0.00022432 1
9 5.91084 6.39244 0.00203927 9 0.710412 0.144495 0.000203927 1
9 5.9361 6.39757 0.00185388 9 0.704958 0.169113 0.000185388 1
9 5.96466 6.40442 0.00168535 9 0.700551 0.186528 0.000168535 1
9 5.97088 6.40608 0.00153214 9 0.695374 0.204986 0.000153214 1
9 5.99475 6.41312 0.00139285 9 0.689146 0.225037 0.000139285 1
9 6.08908 6.44392 0.00126623 9 0.695233 0.205464 0.000126623 1
9 6.15484 6.46335 0.00115112 9 0.70213 0.180494 0.000115112 1
9 6.16304 6.46546 0.00104647 9 0.711443 0.139333 0.000104647 1
9 6.18065 6.46891 0.000951336 9 0.691179 0.218713 9.51336e-05 1
9 6.25744 6.49321 0.000864851 9 0.686537 0.232875 8.64851e-05 1
9 6.33259 6.5187 0.000786228 9 0.679975 0.251392 7.86228e-05 1
9 6.36304 6.52996 0.000714753 9 0.651628 0.317719 7.14753e-05 1
9 6.5162 6.60464 0.000649775 9 0.625658 0.366219 6.49775e-05 1
9 6.63376 6.67345 0.000590705 9 0.632713 0.353891 5.90705e-05 1
9 6.63494 6.67411 0.000537004 9 0.639924 0.340679 5.37004e-05 1
9 6.76257 6.74205 0.000488186 9 0.660996 0.29774 4.88186e-05 1
9 6.90937 6.80818 0.000443805 9 0.653409 0.314039 4.43805e-05 1
9 6.9229 6.81468 0.000403459 9 0.666694 0.284751 4.03459e-05 1
9 7.03272 6.86159 0.000366781 9 0.673617 0.267963 3.66781e-05 1
9 7.03471 6.86238 0.000333438 9 0.676081 0.261684 3.33438e-05 1
9 7.11134 6.89204 0.000303125 9 0.673265 0.268848 3.03125e-05 1
9 7.15028 6.90759 0.000275568 9 0.669012 0.279262 2.75568e-05 1
9 7.22733 6.93975 0.000250517 9 0.648734 0.323586 2.50517e-05 1
9 7.23442 6.94329 0.000227742 9 0.681823 0.246337 2.27742e-05 1
9 7.33975 6.98134 0.000207038 9 0.690961 0.219403 2.07038e-05 1
9 7.34522 6.98308 0.000188217 9 0.686791 0.232127 1.88217e-05 1
9 7.4416 7.01565 0.000171106 9 0.696374 0.201563 1.71106e-05 1
9 7.48485 7.02817 0.000155551 9 0.702649 0.17846 1.55551e-05 1
9 7.50489 7.03326 0.00014141 9 0.697985 0.195911 1.4141e-05 1
9 7.5108 7.03492 0.000128555 9 0.703317 0.17581 1.28555e-05 1
9 7.79947 7.10708 0.000116868 9 0.690272 0.221561 1.16868e-05 1
9 7.91669 7.14471 0.000106243 9 0.686427 0.233201 1.06243e-05 1
9 7.93729 7.1517 9.6585e-05 9 0.689456 0.224087 9.6585e-06 1
10 4.0711 6.03254 1 10 -0.047773 -0.952227 0 1
10 4.06903 5.99128 0.909091 10 -0.0112486 -0.953358 0.0909091 1
10 4.06784 5.8909 0.826446 10 0.0363509 -0.952731 0.0826446 1
10 4.06804 5.88572 0.751315 10 -0.227931 -0.925779 0.0751315 1
10 4.06692 5.88116 0.683013 10 -0.194042 -0.93347 0.0683013 1
10 4.06614 5.87739 0.620921 10 -0.780672 -0.54733 0.0620921 1
10 4.05304 5.86821 0.564474 10 -0.75548 -0.581608 0.0564474 1
10 3.93483 5.7772 0.513158 10 -0.789485 -0.534539 0.0513158 1
10 3.84911 5.71916 0.466507 10 -0.796843 -0.523507 0.0466507 1
10 3.76166 5.66171 0.424098 10 -0.777158 -0.552308 0.0424098 1
10 3.75482 5.65685 0.385543 10 -0.606672 -0.735505 0.0385543 1
10 3.65601 5.53705 0.350494 10 -0.770414 -0.561677 0.0350494 1
10 3.62034 5.51105 0.318631 10 -0.786363 -0.539122 0.0318631 1
10 3.6085 5.50293 0.289664 10 -0.778899 -0.54985 0.0289664 1
10 3.58247 5.48456 0.263331 10 -0.736287 -0.605723 0.0263331 1
10 3.47296 5.39447 0.239392 10 -0.756035 -0.580886 0.0239392 1
10 3.44241 5.37099 0.217629 10 -0.665105 -0.683121 0.0217629 1
10 3.42595 5.35408 0.197845 10 -0.662884 -0.685276 0.0197845 1
10 3.41275 5.34044 0.179859 10 -0.650419 -0.697118 0.0179859 1
10 3.23034 5.14493 0.163508 10 -0.716892 -0.628557 0.0163508 1
10 3.12827 5.05544 0.148644 10 -0.662994 -0.685169 0.0148644 1
10 3.12163 5.04857 0.135131 10 -0.670208 -0.678115 0.0135131 1
10 3.09524 5.02188 0.122846 10 -0.838405 -0.453978 0.0122846 1
10 2.934 4.93457 0.111678 10 -0.675817 -0.672525 0.0111678 1
10 2.91155 4.91223 0.101526 10 -0.516625 -0.801322 0.0101526 1
10 2.87471 4.85508 0.092296 10 -0.526119 -0.795121 0.0092296 1
10 2.77931 4.71092 0.0839055 10 -0.494067 -0.815424 0.00839055 1
10 2.69108 4.5653 0.0762777 10 -0.497213 -0.813509 0.00762777 1
10 2.65451 4.50546 0.0693433 10 -0.50184 -0.810664 0.00693433 1
10 2.61694 4.44478 0.0630394 10 -0.469507 -0.829808 0.00630394 1
10 2.60257 4.41938 0.0573086 10 -0.494817 -0.814969 0.00573086 1
10 2.57514 4.37419 0.0520987 10 -0.541806 -0.784515 0.00520987 1
10 2.54101 4.32478 0.0473624 10 -0.528781 -0.793353 0.00473624 1
10 2.52139 4.29534 0.0430568 10 -0.673768 -0.674578 0.00430568 1
10 2.48173 4.25563 0.0391425 10 -0.725507 -0.618594 0.00391425 1
10 2.35419 4.14689 0.0355841 10 -0.532148 -0.791099 0.00355841 1
10 2.31457 4.08798 0.0323492 10 -0.562802 -0.769592 0.00323492 1
10 2.30868 4.07992 0.0294083 10 -0.613273 -0.73001 0.00294083 1
10 2.29713 4.06618 0.0267349 10 -0.601942 -0.739381 0.00267349 1
10 2.28838 4.05543 0.0243044 10 -0.410878 -0.860347 0.00243044 1
10 2.25436 3.9842 0.0220949 10 -0.485861 -0.82034 0.00220949 1
10 2.25205 3.9803 0.0200863 10 -0.54602 -0.781589 0.00200863 1
10 2.24708 3.97319 0.0182603 10 -0.334972 -0.892643 0.00182603 1
10 2.2427 3.96151 0.0166002 10 -0.314634 -0.900013 0.00166002 1
10 2.14995 3.6962 0.0150911 10 -0.325638 -0.896091 0.00150911 1
10 2.04428 3.40542 0.0137192 10 -0.265346 -0.915757 0.00137192 1
10 2.02359 3.33401 0.012472 10 -0.273 -0.913504 0.0012472 1
10 1.9704 3.15603 0.0113382 10 -0.2987 -0.905426 0.00113382 1
10 1.96526 3.14045 0.0103074 10 -0.305477 -0.903162 0.00103074 1
10 1.95601 3.11308 0.00937041 10 -0.3474 -0.887881 0.000937041 1
10 1.92076 3.02301 0.00851855 10 -0.358734 -0.883362 0.000851855 1
10 1.84309 2.83173 0.00774414 10 -0.324255 -0.896592 0.000774414 1
10 1.83923 2.82108 0.00704013 10 -0.30785 -0.902356 0.000704013 1
10 1.69885 2.4096 0.00640011 10 -0.392843 -0.868731 0.000640011 1
10 1.65829 2.31991 0.00581829 10 -0.369843 -0.878769 0.000581829 1
10 1.59416 2.16752 0.00528935 10 -0.350221 -0.886772 0.000528935 1
10 1.56481 2.0932 0.0048085 10 -0.37194 -0.877884 0.00048085 1

