1 4.00697 5.95811 1 1 -0.803209 0.196791 0 1
1 3.98008 5.9647 0.869565 1 -0.759226 0.327792 0.130435 1
1 3.91388 5.99328 0.756144 1 -0.762082 0.321095 0.113422 1
1 3.91092 5.99452 0.657516 1 -0.749749 0.348924 0.0986274 1
1 3.80888 6.04201 0.571753 1 -0.760708 0.324338 0.085763 1
1 3.80315 6.04446 0.497177 1 -0.780631 0.272924 0.0745765 1
1 3.7864 6.05031 0.432328 1 -0.77397 0.291276 0.0648491 1
1 3.67812 6.09106 0.375937 1 -0.772263 0.295772 0.0563906 1
1 3.41047 6.19357 0.326902 1 -0.767136 0.308827 0.0490353 1
1 3.38613 6.20337 0.284262 1 -0.77827 0.279583 0.0426394 1
1 3.34965 6.21647 0.247185 1 -0.762714 0.319592 0.0370777 1
1 3.31311 6.23178 0.214943 1 -0.76089 0.32391 0.0322415 1
1 3.28434 6.24403 0.186907 1 -0.348464 -0.749963 0.0280361 1
1 3.10758 5.8636 0.162528 1 -0.444807 -0.69715 0.0243792 1
1 3.02906 5.74053 0.141329 1 -0.460045 -0.68719 0.0211993 1
1 2.9662 5.64664 0.122894 1 -0.439045 -0.700793 0.0184342 1
1 2.92569 5.58198 0.106865 1 -0.445047 -0.696997 0.0160297 1
1 2.90787 5.55407 0.0929259 1 -0.583059 -0.586441 0.0139389 1
1 2.79724 5.44279 0.0808051 1 -0.553982 -0.613984 0.0121208 1
1 2.7745 5.41759 0.0702653 1 -0.548055 -0.61928 0.0105398 1
1 2.74366 5.38275 0.0611003 1 -0.555176 -0.612904 0.00916504 1
1 2.72721 5.36459 0.0531307 1 -0.597263 -0.57197 0.0079696 1
1 2.72351 5.36104 0.0462006 1 -0.568172 -0.600877 0.00693009 1
1 2.65246 5.2859 0.0401744 1 -0.556471 -0.611728 0.00602616 1
1 2.50617 5.12509 0.0349343 1 -0.560822 -0.607742 0.00524014 1
1 2.30946 4.91192 0.0303776 1 -0.595083 -0.574237 0.00455665 1
1 2.22582 4.83121 0.0264153 1 -0.150228 -0.813206 0.0039623 1
1 2.21377 4.76597 0.0229699 1 -0.146155 -0.813947 0.00344548 1
1 2.20949 4.74215 0.0199738 1 -0.131875 -0.816383 0.00299607 1
1 2.20652 4.72376 0.0173685 1 -0.0413595 -0.82593 0.00260528 1
1 2.20285 4.65058 0.0151031 1 0.0410478 -0.825946 0.00226546 1
1 2.20305 4.6466 0.0131331 1 0.0551135 -0.825127 0.00196996 1
1 2.2038 4.63538 0.0114201 1 0.065761 -0.824347 0.00171301 1
1 2.20515 4.61848 0.0099305 1 -0.00707887 -0.826935 0.00148958 1
1 2.20425 4.51396 0.00863522 1 -0.0168173 -0.826794 0.00129528 1
1 2.20423 4.51286 0.00750889 1 -0.0796266 -0.823123 0.00112633 1
1 2.20306 4.50077 0.00652947 1 -0.0918602 -0.821848 0.00097942 1
1 2.18867 4.37203 0.0056778 1 -0.0884726 -0.822219 0.00085167 1
1 2.17679 4.2616 0.00493722 1 -0.108665 -0.819795 0.000740582 1
1 2.17461 4.24513 0.00429323 1 0.0227317 -0.826653 0.000643985 1
1 2.17887 4.08997 0.00373324 1 0.0123222 -0.826874 0.000559987 1
1 2.18123 3.9321 0.0032463 1 0.0362513 -0.82617 0.000486945 1
1 2.18326 3.88587 0.00282287 1 0.00543235 -0.826948 0.00042343 1
1 2.18337 3.86788 0.00245467 1 -0.0219062 -0.826675 0.0003682 1
1 2.18325 3.86335 0.00213449 1 -0.061722 -0.824659 0.000320174 1
1 2.18044 3.8258 0.00185608 1 -0.0428619 -0.825854 0.000278412 1
1 2.17921 3.80204 0.00161398 1 -0.039682 -0.826013 0.000242098 1
1 2.17886 3.7948 0.00140346 1 -0.262274 -0.784273 0.00021052 1
1 2.17445 3.78161 0.0012204 1 -0.315096 -0.764582 0.000183061 1
1 2.12292 3.65657 0.00106122 1 -0.297203 -0.771714 0.000159183 1
1 2.12105 3.6517 0.000922801 1 -0.291639 -0.773833 0.00013842 1
1 2.08556 3.55753 0.000802436 1 -0.801753 -0.202641 0.000120365 1
1 2.05826 3.55063 0.00069777 1 -0.793435 -0.233094 0.000104666 1
1 1.99665 3.53253 0.000606757 1 -0.778361 -0.279331 9.10135e-05 1
1 1.89836 3.49726 0.000527614 1 -0.764645 -0.314944 7.91422e-05 1
1 1.80456 3.45862 0.000458795 1 -0.772023 -0.296399 6.88193e-05 1
1 1.7845 3.45092 0.000398952 1 -0.799658 -0.210759 5.98428e-05 1
1 1.75921 3.44426 0.000346915 1 -0.794201 -0.230469 5.20373e-05 1
1 1.73074 3.436 0.000301665 1 -0.77572 -0.286583 4.52498e-05 1
1 1.69501 3.4228 0.000262318 1 -0.778405 -0.279209 3.93476e-05 1
1 1.65488 3.4084 0.000228102 1 -0.784341 -0.262071 3.42153e-05 1
1 1.63273 3.401 0.00019835 1 -0.797456 -0.218942 2.97525e-05 1
1 1.60305 3.39285 0.000172478 1 -0.79228 -0.236991 2.58717e-05 1
1 1.59728 3.39113 0.000149981 1 -0.826928 0.00790455 2.24971e-05 1
1 1.45086 3.39252 0.000130418 1 -0.826694 0.021186 1.95627e-05 1
1 1.31266 3.39607 0.000113407 1 -0.819179 0.113216 1.70111e-05 1
1 1.27194 3.40169 9.86149e-05 1 -0.823052 0.0803537 1.47922e-05 1
2 3.91267 6.026 1 2 -0.0935345 0.906466 0 1
2 3.89097 6.23628 0.869565 2 -0.121364 0.903161 0.130435 1
2 3.88496 6.281 0.756144 2 -0.11367 0.904161 0.113422 1
2 3.88003 6.32025 0.657516 2 -0.310343 0.856805 0.0986274 1
2 3.86691 6.35645 0.571753 2 -0.394821 0.821307 0.085763 1
2 3.86629 6.35775 0.497177 2 -0.442332 0.796725 0.0745765 1
2 3.78571 6.50289 0.432328 2 -0.417628 0.809947 0.0648491 1
2 3.75776 6.5571 0.375937 2 -0.677893 0.609007 0.0563906 1
2 3.715 6.59551 0.326902 2 -0.691065 0.594018 0.0490353 1
2 3.69657 6.61135 0.284262 2 -0.73508 0.538596 0.0426394 1
2 3.68669 6.61859 0.247185 2 -0.714829 0.565198 0.0370777 1
2 3.60994 6.67928 0.214943 2 -0.728938 0.54688 0.0322415 1
2 3.53835 6.73299 0.186907 2 -0.735126 0.538534 0.0280361 1
2 3.34594 6.87394 0.162528 2 -0.7095 0.571872 0.0243792 1
2 3.2556 6.94676 0.141329 2 -0.706578 0.575478 0.0211993 1
2 3.24781 6.9531 0.122894 2 -0.800442 0.435571 0.0184342 1
2 3.23772 6.95859 0.106865 2 -0.866684 0.281581 0.0160297 1
2 3.077 7.01081 0.0929259 2 -0.890969 0.191318 0.0139389 1
2 3.07211 7.01186 0.0808051 2 -0.902233 0.128077 0.0121208 1
2 3.05917 7.01369 0.0702653 2 -0.909275 0.0603896 0.0105398 1
2 2.93514 7.02193 0.0611003 2 -0.908066 0.0764466 0.00916504 1
2 2.85945 7.0283 0.0531307 2 -0.907451 0.083431 0.0079696 1
2 2.82825 7.03117 0.0462006 2 -0.908528 0.0707452 0.00693009 1
2 2.8251 7.03142 0.0401744 2 -0.892862 0.182281 0.00602616 1
2 2.81442 7.0336 0.0349343 2 -0.897847 0.155884 0.00524014 1
2 2.72254 7.04955 0.0303776 2 -0.804215 0.428564 0.00455665 1
2 2.72054 7.05062 0.0264153 2 -0.727815 0.548374 0.0039623 1
2 2.70236 7.06432 0.0229699 2 -0.720818 0.55754 0.00344548 1
2 2.69844 7.06734 0.0199738 2 -0.736584 0.536537 0.00299607 1
2 2.52263 7.19541 0.0173685 2 -0.75854 0.50502 0.00260528 1
2 2.43414 7.25432 0.0151031 2 -0.766307 0.493155 0.00226546 1
2 2.29667 7.34279 0.0131331 2 -0.785736 0.461571 0.00196996 1
2 1.93748 7.55379 0.0114201 2 -0.763575 0.497375 0.00171301 1
2 1.88135 7.59036 0.0099305 2 -0.714158 0.566045 0.00148958 1
2 1.82792 7.6327 0.00863522 2 -0.731623 0.543283 0.00129528 1
2 1.75775 7.68481 0.00750889 2 -0.729299 0.546399 0.00112633 1
2 1.68812 7.73698 0.00652947 2 -0.740245 0.531476 0.00097942 1
2 1.68716 7.73766 0.0056778 2 -0.755692 0.509272 0.00085167 1
2 1.67948 7.74284 0.00493722 2 -0.903959 -0.115271 0.000740582 1
2 1.64713 7.73872 0.00429323 2 -0.901003 -0.136464 0.000643985 1
2 1.63958 7.73758 0.00373324 2 -0.904657 -0.109651 0.000559987 1
2 1.56967 7.7291 0.0032463 2 -0.899327 -0.147105 0.000486945 1
2 1.55957 7.72745 0.00282287 2 -0.831703 -0.372422 0.00042343 1
2 1.53821 7.71788 0.00245467 2 -0.739024 -0.533172 0.0003682 1
2 1.51002 7.69754 0.00213449 2 -0.67965 -0.607045 0.000320174 1
2 1.28622 7.49766 0.00185608 2 -0.757714 -0.506259 0.000278412 1
2 1.24918 7.47291 0.00161398 2 -0.761764 -0.500145 0.000242098 1
2 1.24092 7.46748 0.00140346 2 -0.712133 -0.568591 0.00021052 1
2 1.23234 7.46063 0.0012204 2 -0.783857 -0.464755 0.000183061 1
3 4.01887 6.03833 1 3 -0.431331 0.568669 0 1
3 4.00301 6.05925 0.869565 3 -0.554058 0.449945 0.130435 1
3 3.99671 6.06436 0.756144 3 -0.550208 0.454645 0.113422 1
3 3.94115 6.11027 0.657516 3 -0.591902 0.398852 0.0986274 1
3 3.89991 6.13806 0.571753 3 -0.59763 0.390216 0.085763 1
3 3.89213 6.14314 0.497177 3 -0.471029 0.536249 0.0745765 1
3 3.89019 6.14534 0.432328 3 -0.483777 0.524776 0.0648491 1
3 3.81523 6.22666 0.375937 3 -0.506845 0.502532 0.0563906 1
3 3.61128 6.42887 0.326902 3 -0.539178 0.467672 0.0490353 1
3 3.60099 6.4378 0.284262 3 -0.522471 0.486267 0.0426394 1
3 3.58981 6.44821 0.247185 3 -0.675906 0.229308 0.0370777 1
3 3.55984 6.45838 0.214943 3 -0.688566 0.187902 0.0322415 1
3 3.34941 6.5158 0.186907 3 -0.677531 0.22446 0.0280361 1
3 3.19514 6.56691 0.162528 3 -0.684888 0.200896 0.0243792 1
3 3.15962 6.57733 0.141329 3 -0.693328 0.169492 0.0211993 1
3 3.14948 6.5798 0.122894 3 -0.692589 0.172487 0.0184342 1
3 3.11177 6.5892 0.106865 3 -0.672279 0.239734 0.0160297 1
3 3.08036 6.6004 0.0929259 3 -0.681222 0.212996 0.0139389 1
3 3.07376 6.60246 0.0808051 3 -0.700124 0.138772 0.0121208 1
3 2.90268 6.63637 0.0702653 3 -0.701471 0.131794 0.0105398 1
3 2.75176 6.66473 0.0611003 3 -0.707321 0.095539 0.00916504 1
3 2.61399 6.68333 0.0531307 3 -0.713085 0.0306725 0.0079696 1
3 2.38904 6.69301 0.0462006 3 -0.710927 -0.0633485 0.00693009 1
3 2.3803 6.69223 0.0401744 3 -0.710453 -0.0684631 0.00602616 1
3 2.36522 6.69078 0.0349343 3 -0.711601 -0.0552759 0.00524014 1
3 2.36025 6.69039 0.0303776 3 -0.712482 -0.0424214 0.00455665 1
3 2.34314 6.68937 0.0264153 3 -0.712791 -0.0368655 0.0039623 1
3 2.32486 6.68843 0.0229699 3 -0.712835 -0.0360225 0.00344548 1
3 2.30624 6.68749 0.0199738 3 -0.713362 -0.0233654 0.00299607 1
3 2.29649 6.68717 0.0173685 3 -0.713521 0.0178399 0.00260528 1
3 2.25649 6.68817 0.0151031 3 -0.713291 0.0254442 0.00226546 1
3 2.23387 6.68898 0.0131331 3 -0.712609 0.0402349 0.00196996 1
3 2.1937 6.69124 0.0114201 3 -0.706282 0.10294 0.00171301 1
3 2.16736 6.69508 0.0099305 3 -0.703799 0.118735 0.00148958 1
3 2.15802 6.69666 0.00863522 3 -0.699195 0.143379 0.00129528 1
3 2.10271 6.708 0.00750889 3 -0.705936 0.105286 0.00112633 1
3 2.06659 6.71339 0.00652947 3 -0.70272 0.124962 0.00097942 1
3 1.92015 6.73943 0.0056778 3 -0.699 0.144326 0.00085167 1
3 1.91073 6.74137 0.00493722 3 -0.689547 0.184272 0.000740582 1
3 1.77224 6.77838 0.00429323 3 -0.682417 0.209137 0.000643985 1
3 1.72983 6.79138 0.00373324 3 -0.694733 0.163638 0.000559987 1
3 1.69875 6.7987 0.0032463 3 -0.698107 0.148582 0.000486945 1
3 1.64673 6.80977 0.00282287 3 -0.700086 0.138961 0.00042343 1
3 1.64406 6.8103 0.00245467 3 -0.699031 0.144173 0.0003682 1
3 1.52036 6.83581 0.00213449 3 -0.692115 0.174377 0.000320174 1
3 1.46827 6.84894 0.00185608 3 -0.71302 0.032153 0.000278412 1
3 1.45699 6.84945 0.00161398 3 -0.709863 -0.0743357 0.000242098 1
3 1.39247 6.84269 0.00140346 3 -0.603624 -0.38088 0.00021052 1
3 1.38113 6.83554 0.0012204 3 -0.520655 -0.488211 0.000183061 1
3 1.34526 6.80189 0.00106122 3 -0.490671 -0.518336 0.000159183 1
3 1.32166 6.77697 0.000922801 3 -0.514184 -0.495021 0.00013842 1
3 1.30473 6.76067 0.000802436 3 -0.486534 -0.522222 0.000120365 1
3 1.30457 6.7605 0.00069777 3 -0.707129 -0.0969523 0.000104666 1
3 1.2065 6.74705 0.000606757 3 -0.709297 -0.0795533 9.10135e-05 1
3 1.13619 6.73917 0.000527614 3 -0.67852 -0.221452 7.91422e-05 1
3 1.07087 6.71785 0.000458795 3 -0.67971 -0.217773 6.88193e-05 1
3 1.02939 6.70456 0.000398952 3 -0.660964 -0.269366 5.98428e-05 1
3 1.0146 6.69853 0.000346915 3 -0.703426 -0.120924 5.20373e-05 1
3 0.856351 6.67133 0.000301665 3 -0.707605 -0.0934116 4.52498e-05 1
3 0.819965 6.66653 0.000262318 3 -0.661254 -0.268651 3.93476e-05 1
4 3.99225 6.06648 1 4 0.170615 -0.829385 0 1
4 4.03469 5.86019 0.869565 4 0.142817 -0.834621 0.130435 1
4 4.03728 5.84506 0.756144 4 0.197879 -0.823306 0.113422 1
4 4.05007 5.79184 0.657516 4 0.153899 -0.832649 0.0986274 1
4 4.05443 5.76822 0.571753 4 0.0294819 -0.846239 0.085763 1
4 4.05476 5.75875 0.497177 4 0.0460834 -0.845497 0.0745765 1
4 4.06238 5.61898 0.432328 4 0.107405 -0.839913 0.0648491 1
4 4.07015 5.55825 0.375937 4 0.0836477 -0.84261 0.0563906 1
4 4.07162 5.54341 0.326902 4 0.112713 -0.839217 0.0490353 1
4 4.07571 5.51295 0.284262 4 0.156988 -0.832072 0.0426394 1
4 4.08286 5.47507 0.247185 4 0.180755 -0.827234 0.0370777 1
4 4.11755 5.31632 0.214943 4 0.260449 -0.805702 0.0322415 1
4 4.14482 5.23196 0.186907 4 0.267448 -0.803406 0.0280361 1
4 4.1503 5.21548 0.162528 4 0.279316 -0.799357 0.0243792 1
4 4.1554 5.20088 0.141329 4 0.568095 -0.627899 0.0211993 1
4 4.17395 5.18038 0.122894 4 0.470926 -0.703717 0.0184342 1
4 4.17459 5.17943 0.106865 4 0.377683 -0.757855 0.0160297 1
4 4.18904 5.15043 0.0929259 4 0.423863 -0.733028 0.0139389 1
4 4.23131 5.07733 0.0808051 4 0.353082 -0.769625 0.0121208 1
4 4.27663 4.97855 0.0702653 4 0.371075 -0.761112 0.0105398 1
4 4.30667 4.91693 0.0611003 4 0.333658 -0.778242 0.00916504 1
4 4.3128 4.90263 0.0531307 4 0.34527 -0.773161 0.0079696 1
4 4.33148 4.8608 0.0462006 4 0.361197 -0.76585 0.00693009 1
4 4.3367 4.84974 0.0401744 4 0.401759 -0.745372 0.00602616 1
4 4.36864 4.79047 0.0349343 4 0.574925 -0.621651 0.00524014 1
4 4.41066 4.74504 0.0303776 4 0.592472 -0.604951 0.00455665 1
4 4.45057 4.70429 0.0264153 4 0.625255 -0.571004 0.0039623 1
4 4.4566 4.69878 0.0229699 4 0.583831 -0.613295 0.00344548 1
4 4.53373 4.61776 0.0199738 4 0.579822 -0.617086 0.00299607 1
4 4.62722 4.51827 0.0173685 4 0.620989 -0.57564 0.00260528 1
4 4.69864 4.45206 0.0151031 4 0.601105 -0.596373 0.00226546 1
4 4.7782 4.37313 0.0131331 4 0.599404 -0.598084 0.00196996 1
4 4.89795 4.25364 0.0114201 4 0.580073 -0.616851 0.00171301 1
4 4.93812 4.21093 0.0099305 4 0.577161 -0.619576 0.00148958 1
4 4.98676 4.15871 0.00863522 4 0.582577 -0.614486 0.00129528 1
4 5 4.14474 0.00750889 4 0.592996 -0.604437 0.00112633 1
4 5.04392 4.09998 0.00652947 4 0.584165 -0.612977 0.00097942 1
4 5.11603 4.02431 0.0056778 4 0.596327 -0.601151 0.00085167 1
4 5.12051 4.01979 0.00493722 4 0.576604 -0.620094 0.000740582 1
4 5.13818 4.00079 0.00429323 4 0.493737 -0.687904 0.000643985 1
4 5.23148 3.8708 0.00373324 4 0.571124 -0.625145 0.000559987 1
4 5.25638 3.84354 0.0032463 4 0.583716 -0.613405 0.000486945 1
4 5.37569 3.71816 0.00282287 4 0.593082 -0.604354 0.00042343 1
4 5.41638 3.6767 0.00245467 4 0.598893 -0.598596 0.0003682 1
4 5.42138 3.67171 0.00213449 4 0.727557 -0.433185 0.000320174 1
4 5.42827 3.6676 0.00185608 4 0.385536 -0.753891 0.000278412 1
4 5.4467 3.63157 0.00161398 4 0.353488 -0.769438 0.000242098 1
4 5.51778 3.47686 0.00140346 4 0.335678 -0.777373 0.00021052 1
4 5.56178 3.37495 0.0012204 4 0.254171 -0.807704 0.000183061 1
4 5.56884 3.35253 0.00106122 4 0.415608 -0.737739 0.000159183 1
4 5.58223 3.32875 0.000922801 4 0.691798 -0.488266 0.00013842 1
4 5.59048 3.32293 0.000802436 4 0.703083 -0.471872 0.000120365 1
4 5.61868 3.304 0.00069777 4 0.717544 -0.449576 0.000104666 1
4 5.68737 3.26096 0.000606757 4 0.706737 -0.466381 9.10135e-05 1
4 5.7143 3.24319 0.000527614 4 0.702091 -0.473346 7.91422e-05 1
4 5.73307 3.23054 0.000458795 4 0.69934 -0.477402 6.88193e-05 1
4 5.73747 3.22754 0.000398952 4 0.724437 -0.438383 5.98428e-05 1
4 5.76511 3.21081 0.000346915 4 0.71228 -0.457871 5.20373e-05 1
4 5.822 3.17424 0.000301665 4 0.845264 0.0501744 4.52498e-05 1
4 5.981 3.18368 0.000262318 4 0.846248 0.0292052 3.93476e-05 1
4 6.15541 3.18969 0.000228102 4 0.846736 0.00525949 3.42153e-05 1
4 6.17346 3.18981 0.00019835 4 0.846395 0.0245967 2.97525e-05 1
4 6.2083 3.19082 0.000172478 4 0.846718 0.00764488 2.58717e-05 1
4 6.21016 3.19084 0.000149981 4 0.84413 0.0665841 2.24971e-05 1
4 6.27692 3.1961 0.000130418 4 0.843012 0.0794924 1.95627e-05 1
4 6.33694 3.20176 0.000113407 4 0.840487 0.10281 1.70111e-05 1
4 7 3.28287 9.86149e-05 4 -0.840487 0.10281 1.47922e-05 1
4 6.8696 3.29882 8.57521e-05 4 -0.839328 0.111881 1.28628e-05 1
5 4.07132 6.02336 1 5 -0.701238 0.298762 0 1
5 3.99322 6.05664 0.869565 5 -0.704173 0.291779 0.130435 1
5 3.9905 6.05777 0.756144 5 -0.691021 0.321689 0.113422 1
5 3.97296 6.06593 0.657516 5 -0.706897 0.285115 0.0986274 1
5 3.91838 6.08795 0.571753 5 -0.723826 0.238893 0.085763 1
5 3.86762 6.1047 0.497177 5 -0.725586 0.233493 0.0745765 1
5 3.80483 6.12491 0.432328 5 -0.739162 0.1861 0.0648491 1
5 3.77374 6.13273 0.375937 5 -0.740292 0.181553 0.0563906 1
5 3.73887 6.14128 0.326902 5 -0.738679 0.188009 0.0490353 1
5 3.71332 6.14779 0.284262 5 -0.724931 0.235518 0.0426394 1
5 3.53654 6.20522 0.247185 5 -0.71674 0.259379 0.0370777 1
5 3.32113 6.28317 0.214943 5 -0.728095 0.225547 0.0322415 1
5 3.28827 6.29336 0.186907 5 -0.728495 0.22425 0.0280361 1
5 3.25448 6.30376 0.162528 5 -0.718577 0.254244 0.0243792 1
5 3.22941 6.31263 0.141329 5 -0.698866 0.30427 0.0211993 1
5 3.22252 6.31563 0.122894 5 -0.712831 0.269938 0.0184342 1
5 3.18689 6.32912 0.106865 5 -0.690396 0.323027 0.0160297 1
5 3.15555 6.34378 0.0929259 5 -0.647474 0.402208 0.0139389 1
5 3.08793 6.38579 0.0808051 5 -0.646167 0.404305 0.0121208 1
5 3.05748 6.40484 0.0702653 5 -0.6382 0.416767 0.0105398 1
5 3.0484 6.41077 0.0611003 5 -0.635382 0.421051 0.00916504 1
5 2.69218 6.64683 0.0531307 5 -0.521435 0.555967 0.0079696 1
5 2.6648 6.67602 0.0462006 5 -0.540563 0.537387 0.00693009 1
5 2.57989 6.76043 0.0401744 5 -0.554662 0.522823 0.00602616 1
5 2.57127 6.76855 0.0349343 5 -0.57155 0.504306 0.00524014 1
5 2.45735 6.86908 0.0303776 5 -0.555598 0.521828 0.00455665 1
5 2.44867 6.87722 0.0264153 5 -0.545635 0.532237 0.0039623 1
5 2.44335 6.88241 0.0229699 5 -0.568877 0.50732 0.00344548 1
5 2.4301 6.89423 0.0199738 5 -0.600232 0.469804 0.00299607 1
5 2.41368 6.90708 0.0173685 5 -0.597431 0.473361 0.00260528 1
5 2.39232 6.92401 0.0151031 5 -0.60602 0.462313 0.00226546 1
5 2.31964 6.97945 0.0131331 5 -0.607501 0.460366 0.00196996 1
5 2.13334 7.12063 0.0114201 5 -0.622502 0.439869 0.00171301 1
5 2.10738 7.13897 0.0099305 5 -0.620251 0.443038 0.00148958 1
5 1.92722 7.26766 0.00863522 5 -0.636278 0.419695 0.00129528 1
5 1.91602 7.27505 0.00750889 5 -0.614277 0.451285 0.00112633 1
5 1.84222 7.32927 0.00652947 5 -0.634345 0.422611 0.00097942 1
5 1.82457 7.34102 0.0056778 5 -0.640833 0.412707 0.00085167 1
5 1.75728 7.38436 0.00493722 5 -0.605393 0.463134 0.000740582 1
5 1.73521 7.40124 0.00429323 5 -0.586251 0.487138 0.000643985 1
5 1.68824 7.44027 0.00373324 5 -0.591131 0.481205 0.000559987 1
5 1.5846 7.52464 0.0032463 5 -0.633664 0.423632 0.000486945 1
5 1.54624 7.55029 0.00282287 5 -0.644717 0.406613 0.00042343 1
5 1.49164 7.58472 0.00245467 5 -0.659041 0.382961 0.0003682 1
5 1.44055 7.61441 0.00213449 5 -0.703956 0.2923 0.000320174 1
5 1.36113 7.64738 0.00185608 5 -0.636837 0.418846 0.000278412 1
6 3.99498 5.94382 1 6 -0.0912229 0.908777 0 1
6 3.99193 5.97428 0.869565 6 -0.0661731 0.910944 0.130435 1
6 3.98784 6.03054 0.756144 6 -0.10361 0.907448 0.113422 1
6 3.97493 6.14359 0.657516 6 -0.0854911 0.909334 0.0986274 1
6 3.95424 6.36363 0.571753 6 -0.325029 0.853554 0.085763 1
6 3.94535 6.38698 0.497177 6 -0.378385 0.831278 0.0745765 1
6 3.943 6.39216 0.432328 6 -0.439648 0.800567 0.0648491 1
6 3.89457 6.48033 0.375937 6 0.702714 0.58343 0.0563906 1
6 3.89718 6.48249 0.326902 6 0.693894 0.593893 0.0490353 1
6 3.95505 6.53203 0.284262 6 0.744714 0.528771 0.0426394 1
6 4.06035 6.60679 0.247185 6 0.795425 0.448884 0.0370777 1
6 4.06517 6.60951 0.214943 6 0.772093 0.487924 0.0322415 1
6 4.2098 6.70091 0.186907 6 0.754646 0.514497 0.0280361 1
6 4.22599 6.71195 0.162528 6 0.785752 0.465609 0.0243792 1
6 4.26636 6.73588 0.141329 6 0.74706 0.525451 0.0211993 1
6 4.29735 6.75767 0.122894 6 0.761196 0.504756 0.0184342 1
6 4.35236 6.79415 0.106865 6 0.735925 0.540937 0.0160297 1
6 4.49066 6.89581 0.0929259 6 0.820851 0.400501 0.0139389 1
6 4.51819 6.90924 0.0808051 6 0.834382 0.371488 0.0121208 1
6 4.53423 6.91638 0.0702653 6 0.821925 0.398292 0.0105398 1
6 4.73054 7.01151 0.0611003 6 -0.23817 0.881744 0.00916504 1
6 4.73026 7.01255 0.0531307 6 -0.255706 0.876819 0.0079696 1
6 4.72535 7.02939 0.0462006 6 -0.322732 0.854425 0.00693009 1
6 4.64256 7.24857 0.0401744 6 -0.302105 0.861934 0.00602616 1
6 4.60733 7.34908 0.0349343 6 -0.309908 0.859159 0.00524014 1
6 4.58161 7.42038 0.0303776 6 -0.296573 0.863853 0.00455665 1
6 4.47382 7.73434 0.0264153 6 -0.337686 0.848626 0.0039623 1
6 4.46419 7.75854 0.0229699 6 -0.392824 0.824553 0.00344548 1
6 4.44812 7.79228 0.0199738 6 -0.405768 0.81826 0.00299607 1
6 4.39989 7.88954 0.0173685 6 -0.496571 -0.766561 0.00260528 1
6 4.36024 7.82832 0.0151031 6 -0.459336 -0.789435 0.00226546 1
6 4.25911 7.65453 0.0131331 6 -0.560207 -0.721364 0.00196996 1
6 4.25791 7.65298 0.0114201 6 -0.51943 -0.751259 0.00171301 1
6 4.24351 7.63216 0.0099305 6 -0.556731 -0.72405 0.00148958 1
6 4.22946 7.61388 0.00863522 6 -0.550086 -0.729111 0.00129528 1
6 4.20103 7.5762 0.00750889 6 -0.542543 -0.734741 0.00112633 1
6 4.15086 7.50825 0.00652947 6 -0.518955 -0.751587 0.00097942 1
6 4.0964 7.42938 0.0056778 6 -0.444268 -0.798012 0.00085167 1
6 4.06556 7.37398 0.00493722 6 -0.374012 -0.833254 0.000740582 1
6 4.0334 7.30234 0.00429323 6 -0.396613 -0.822737 0.000643985 1
6 4.01508 7.26435 0.00373324 6 -0.356149 -0.841044 0.000559987 1
6 3.88147 6.94882 0.0032463 6 -0.372222 -0.834055 0.000486945 1
6 3.83541 6.84561 0.00282287 6 -0.356241 -0.841005 0.00042343 1
6 3.82713 6.82606 0.00245467 6 -0.417026 -0.81258 0.0003682 1
6 3.7463 6.66857 0.00213449 6 -0.385766 -0.827878 0.000320174 1
6 3.63858 6.43739 0.00185608 6 -0.361056 -0.838949 0.000278412 1
6 3.59876 6.34486 0.00161398 6 -0.370975 -0.834611 0.000242098 1
6 3.54825 6.23122 0.00140346 6 -0.358583 -0.840009 0.00021052 1
6 3.54569 6.22524 0.0012204 6 -0.295247 -0.864307 0.000183061 1
6 3.54089 6.21117 0.00106122 6 -0.274855 -0.871007 0.000159183 1
6 3.52281 6.15388 0.000922801 6 -0.294081 -0.864704 0.00013842 1
6 3.52033 6.1466 0.000802436 6 -0.267657 -0.873245 0.000120365 1
6 3.47842 6.00984 0.00069777 6 -0.153069 -0.900426 0.000104666 1
6 3.4784 6.00974 0.000606757 6 -0.210477 -0.888761 9.10135e-05 1
6 3.47522 5.99632 0.000527614 6 -0.259091 -0.875825 7.91422e-05 1
6 3.4459 5.89719 0.000458795 6 -0.267623 -0.873256 6.88193e-05 1
6 3.38785 5.70779 0.000398952 6 -0.33473 -0.849796 5.98428e-05 1
6 3.37131 5.6658 0.000346915 6 -0.370261 -0.834928 5.20373e-05 1
6 3.36305 5.64718 0.000301665 6 -0.565715 -0.717053 4.52498e-05 1
6 3.35061 5.63141 0.000262318 6 -0.51979 -0.75101 3.93476e-05 1
6 3.30141 5.56031 0.000228102 6 -0.501514 -0.763336 3.42153e-05 1
6 3.28406 5.53391 0.00019835 6 -0.448112 -0.79586 2.97525e-05 1
6 3.28272 5.53153 0.000172478 6 -0.469681 -0.783324 2.58717e-05 1
6 3.22285 5.43169 0.000149981 6 -0.365763 -0.836908 2.24971e-05 1
6 3.12127 5.19924 0.000130418 6 -0.393524 -0.824219 1.95627e-05 1
6 3.04313 5.0356 0.000113407 6 -0.440072 -0.800334 1.70111e-05 1
6 3.01134 4.97778 9.86149e-05 6 -0.416418 -0.812892 1.47922e-05 1
7 4.00459 5.99008 1 7 0.94602 -0.0539799 0 1
7 4.05155 5.9874 0.869565 7 0.946525 -0.0442544 0.130435 1
7 4.05184 5.98739 0.756144 7 0.946557 -0.0435696 0.113422 1
7 4.22569 5.97939 0.657516 7 0.947493 -0.0111553 0.0986274 1
7 4.26995 5.97887 0.571753 7 0.947452 -0.0142371 0.085763 1
7 4.49076 5.97555 0.497177 7 0.936392 0.145045 0.0745765 1
7 4.51359 5.97909 0.432328 7 0.93744 0.138112 0.0648491 1
7 4.55461 5.98513 0.375937 7 0.940982 0.111452 0.0563906 1
7 4.56714 5.98661 0.326902 7 0.939045 0.12674 0.0490353 1
7 4.68605 6.00266 0.284262 7 0.943304 0.0896948 0.0426394 1
7 4.88129 6.02123 0.247185 7 0.944812 0.0721051 0.0370777 1
7 4.93965 6.02568 0.214943 7 0.939433 0.123827 0.0322415 1
7 4.93979 6.0257 0.186907 7 0.895133 0.310814 0.0280361 1
7 5.0438 6.06181 0.162528 7 0.884049 0.341065 0.0243792 1
7 5.27681 6.15171 0.141329 7 0.868203 0.379595 0.0211993 1
7 5.3034 6.16333 0.122894 7 0.876201 0.360748 0.0184342 1
7 5.38878 6.19849 0.106865 7 0.86609 0.384391 0.0160297 1
7 5.44563 6.22372 0.0929259 7 0.854393 0.409733 0.0139389 1
7 5.45541 6.22841 0.0808051 7 0.789184 0.524458 0.0121208 1
7 5.53976 6.28446 0.0702653 7 0.826085 0.464168 0.0105398 1
7 5.60954 6.32367 0.0611003 7 0.854388 0.409743 0.00916504 1
7 5.79237 6.41135 0.0531307 7 0.857878 0.402385 0.0079696 1
7 5.94433 6.48263 0.0462006 7 0.864277 0.388451 0.00693009 1
7 6.14779 6.57407 0.0401744 7 0.874216 0.365532 0.00602616 1
7 6.15333 6.57639 0.0349343 7 0.865762 0.385129 0.00524014 1
7 6.15956 6.57916 0.0303776 7 0.862605 0.392148 0.00455665 1
7 6.17571 6.5865 0.0264153 7 0.813838 0.48532 0.0039623 1
7 6.24059 6.6252 0.0229699 7 0.764931 0.55924 0.00344548 1
7 6.26427 6.6425 0.0199738 7 0.751141 0.577629 0.00299607 1
7 6.33235 6.69486 0.0173685 7 0.756825 0.570161 0.00260528 1
7 6.33741 6.69867 0.0151031 7 0.763588 0.561071 0.00226546 1
7 6.38296 6.73214 0.0131331 7 0.757484 0.569285 0.00196996 1
7 6.40005 6.74498 0.0114201 7 0.752907 0.575326 0.00171301 1
7 6.69339 6.96914 0.0099305 7 0.773911 0.546744 0.00148958 1
7 6.88503 7.10453 0.00863522 7 0.822842 0.469893 0.00129528 1
7 6.90374 7.11521 0.00750889 7 0.8791 0.353626 0.00112633 1
7 6.90876 7.11723 0.00652947 7 0.875521 0.362395 0.00097942 1
7 6.92544 7.12414 0.0056778 7 0.886118 0.335653 0.00085167 1
7 6.9692 7.14071 0.00493722 7 0.890986 0.322509 0.000740582 1
7 7.1034 7.18929 0.00429323 7 0.863498 0.390177 0.000643985 1
7 7.18533 7.22631 0.00373324 7 0.881018 0.348821 0.000559987 1
7 7.26758 7.25887 0.0032463 7 0.887283 0.332562 0.000486945 1
7 7.33919 7.28571 0.00282287 7 0.913678 0.251119 0.00042343 1
7 7.46199 7.31946 0.00245467 7 0.917074 0.238416 0.0003682 1
7 7.5226 7.33522 0.00213449 7 0.925675 0.202469 0.000320174 1
7 7.75786 7.38668 0.00185608 7 0.938609 0.12993 0.000278412 1
7 7.81764 7.39495 0.00161398 7 0.932819 0.166484 0.000242098 1
7 7.93184 7.41533 0.00140346 7 0.9241 0.20954 0.00021052 1
7 8.0018 7.4312 0.0012204 7 0.929764 -0.182775 0.000183061 1
7 8.02306 7.42702 0.00106122 7 0.928417 -0.189497 0.000159183 1
7 8.1721 7.3966 0.000922801 7 0.927034 -0.196153 0.00013842 1
7 8.19513 7.39173 0.000802436 7 0.928954 -0.186848 0.000120365 1
7 8.52371 7.32564 0.00069777 7 0.93547 -0.150877 0.000104666 1
7 8.62991 7.30851 0.000606757 7 0.926115 -0.200445 9.10135e-05 1
7 8.74084 7.2845 0.000527614 7 0.935895 -0.148219 7.91422e-05 1
7 8.76045 7.28139 0.000458795 7 0.934436 -0.157156 6.88193e-05 1
7 8.78352 7.27751 0.000398952 7 0.933175 -0.164478 5.98428e-05 1
7 8.86026 7.26399 0.000346915 7 0.929977 -0.181691 5.20373e-05 1
7 8.88084 7.25997 0.000301665 7 0.916139 -0.241985 4.52498e-05 1
7 8.89324 7.25669 0.000262318 7 -0.245362 -0.915241 3.93476e-05 1
7 8.84366 7.07173 0.000228102 7 -0.288414 -0.902599 3.42153e-05 1
7 8.83694 7.05069 0.00019835 7 -0.304594 -0.897268 2.97525e-05 1
7 8.82548 7.01695 0.000172478 7 -0.272772 -0.907449 2.58717e-05 1
7 8.81642 6.9868 0.000149981 7 -0.181653 -0.929984 2.24971e-05 1
7 8.81601 6.9847 0.000130418 7 0.122276 -0.939636 1.95627e-05 1
7 8.82721 6.89863 0.000113407 7 0.132606 -0.938234 1.70111e-05 1
7 8.82989 6.87963 9.86149e-05 7 0.125381 -0.939227 1.47922e-05 1
8 4.02923 5.97771 1 8 0.445767 -0.554233 0 1
8 4.03473 5.97089 0.869565 8 0.451255 -0.549774 0.130435 1
8 4.08114 5.91433 0.756144 8 0.458007 -0.544161 0.113422 1
8 4.09252 5.90082 0.657516 8 0.431553 -0.565371 0.0986274 1
8 4.0999 5.89114 0.571753 8 0.440932 -0.558087 0.085763 1
8 4.20254 5.76124 0.497177 8 0.462449 -0.540391 0.0745765 1
8 4.30429 5.64234 0.432328 8 0.445567 -0.554394 0.0648491 1
8 4.31269 5.63189 0.375937 8 0.431749 -0.565221 0.0563906 1
8 4.31374 5.63051 0.326902 8 0.447555 -0.55279 0.0490353 1
8 4.32716 5.61393 0.284262 8 0.450303 -0.550554 0.0426394 1
8 4.33271 5.60715 0.247185 8 0.393431 -0.592532 0.0370777 1
8 4.36826 5.55361 0.214943 8 0.406711 -0.583497 0.0322415 1
8 4.40401 5.50231 0.186907 8 0.439632 -0.559111 0.0280361 1
8 4.44805 5.4463 0.162528 8 0.434911 -0.562792 0.0243792 1
8 4.5183 5.3554 0.141329 8 0.44664 -0.553529 0.0211993 1
8 4.52159 5.35132 0.122894 8 0.432609 -0.564563 0.0184342 1
8 4.52728 5.3439 0.106865 8 0.407873 -0.582685 0.0160297 1
8 4.55301 5.30714 0.0929259 8 0.395104 -0.591418 0.0139389 1
8 4.63395 5.18599 0.0808051 8 0.342334 -0.62345 0.0121208 1
8 4.63905 5.17669 0.0702653 8 0.365942 -0.609892 0.0105398 1
8 4.70213 5.07156 0.0611003 8 0.346743 -0.621009 0.00916504 1
8 4.724 5.0324 0.0531307 8 0.34463 -0.622183 0.0079696 1
8 4.76605 4.95648 0.0462006 8 0.336648 -0.626539 0.00693009 1
8 4.77864 4.93305 0.0401744 8 0.357795 -0.614707 0.00602616 1
8 4.80884 4.88116 0.0349343 8 0.39602 -0.590805 0.00524014 1
8 4.81374 4.87385 0.0303776 8 0.312638 -0.638858 0.00455665 1
8 4.83346 4.83355 0.0264153 8 0.293098 -0.648056 0.0039623 1
8 4.86336 4.76746 0.0229699 8 0.325965 -0.632162 0.00344548 1
8 4.9927 4.51662 0.0199738 8 0.275025 -0.655929 0.00299607 1
8 5 4.4992 0.0173685 8 0.283038 -0.652512 0.00260528 1
8 5.03604 4.41612 0.0151031 8 0.30993 -0.640176 0.00226546 1
8 5.15864 4.16287 0.0131331 8 0.302236 -0.643844 0.00196996 1
8 5.16031 4.15932 0.0114201 8 0.450694 -0.550234 0.00171301 1
8 5.20834 4.10068 0.0099305 8 0.433632 -0.563778 0.00148958 1
8 5.22952 4.07315 0.00863522 8 0.454685 -0.54694 0.00129528 1
8 5.26955 4.025 0.00750889 8 0.410601 -0.580766 0.00112633 1
8 5.33403 3.9338 0.00652947 8 0.393685 -0.592364 0.00097942 1
8 5.3342 3.93354 0.0056778 8 0.380651 -0.600822 0.00085167 1
8 5.34254 3.92038 0.00493722 8 0.382906 -0.599387 0.000740582 1
8 5.35909 3.89446 0.00429323 8 0.453859 -0.547626 0.000643985 1
8 5.39512 3.85099 0.00373324 8 0.431211 -0.565632 0.000559987 1
8 5.43019 3.80499 0.0032463 8 0.447183 -0.553091 0.000486945 1
8 5.49473 3.72516 0.00282287 8 0.460012 -0.542467 0.00042343 1
8 5.49612 3.72353 0.00245467 8 0.378766 -0.602012 0.0003682 1
8 5.50803 3.70459 0.00213449 8 0.344733 -0.622127 0.000320174 1
8 5.5591 3.61242 0.00185608 8 0.340378 -0.62452 0.000278412 1
8 5.68089 3.38896 0.00161398 8 0.368058 -0.608618 0.000242098 1
8 5.78797 3.21191 0.00140346 8 0.38567 -0.597613 0.00021052 1
8 5.92026 3.00692 0.0012204 8 0.374011 -0.604978 0.000183061 1
8 5.92723 2.99563 0.00106122 8 0.333269 -0.628342 0.000159183 1
8 5.93964 2.97224 0.000922801 8 0.34404 -0.62251 0.00013842 1
8 5.94047 2.97074 0.000802436 8 0.363609 -0.611286 0.000120365 1
8 5.94217 2.96788 0.00069777 8 0.340529 -0.624438 0.000104666 1
8 5.94771 2.95773 0.000606757 8 0.358403 -0.614353 9.10135e-05 1
8 6.0659 2.75513 0.000527614 8 0.341151 -0.624098 7.91422e-05 1
8 6.07964 2.72999 0.000458795 8 0.322748 -0.633811 6.88193e-05 1
8 6.10588 2.67846 0.000398952 8 0.332696 -0.628646 5.98428e-05 1
8 6.1826 2.5335 0.000346915 8 0.345631 -0.621628 5.20373e-05 1
8 6.20123 2.5 0.000301665 8 0.316888 -0.636761 4.52498e-05 1
8 6.24943 2.40313 0.000262318 8 0.312429 -0.638961 3.93476e-05 1
8 6.25082 2.4003 0.000228102 8 0.297048 -0.646254 3.42153e-05 1
8 6.2587 2.38316 0.00019835 8 0.306289 -0.641926 2.97525e-05 1
8 6.28881 2.32004 0.000172478 8 0.255014 -0.663965 2.58717e-05 1
8 6.29101 2.31432 0.000149981 8 0.240319 -0.669424 2.24971e-05 1
8 6.32429 2.22161 0.000130418 8 0.157857 -0.693515 1.95627e-05 1
8 6.33629 2.16892 0.000113407 8 0.165376 -0.691761 1.70111e-05 1
8 6.36538 2.04724 9.86149e-05 8 0.210404 -0.679421 1.47922e-05 1
9 3.997 6.00433 1 9 -0.181911 -0.818089 0 1
9 3.98146 5.93447 0.869565 9 -0.160137 -0.822629 0.130435 1
9 3.98138 5.93402 0.756144 9 -0.151113 -0.824334 0.113422 1
9 3.97276 5.88701 0.657516 9 -0.240778 -0.802738 0.0986274 1
9 3.97186 5.88403 0.571753 9 -0.331451 -0.769742 0.085763 1
9 3.90207 5.72193 0.497177 9 -0.347707 -0.762536 0.0745765 1
9 3.83254 5.56947 0.432328 9 -0.344333 -0.764066 0.0648491 1
9 3.82992 5.56365 0.375937 9 -0.358584 -0.757482 0.0563906 1
9 3.82623 5.55585 0.326902 9 -0.344457 -0.76401 0.0490353 1
9 3.81775 5.53704 0.284262 9 -0.336031 -0.767753 0.0426394 1
9 3.76905 5.42577 0.247185 9 -0.378207 -0.747878 0.0370777 1
9 3.74088 5.37008 0.214943 9 -0.387023 -0.743354 0.0322415 1
9 3.73532 5.35939 0.186907 9 -0.437064 -0.715079 0.0280361 1
9 3.63662 5.19791 0.162528 9 -0.469674 -0.694095 0.0243792 1
9 3.52818 5.03765 0.141329 9 -0.502495 -0.670716 0.0211993 1
9 3.44224 4.92294 0.122894 9 -0.526419 -0.652108 0.0184342 1
9 3.36474 4.82694 0.106865 9 -0.536977 -0.643442 0.0160297 1
9 3.15096 4.57077 0.0929259 9 -0.566981 -0.617166 0.0139389 1
9 3.09671 4.51172 0.0808051 9 -0.557159 -0.626048 0.0121208 1
9 3.09349 4.5081 0.0702653 9 -0.549496 -0.632784 0.0105398 1
9 3.08968 4.50372 0.0611003 9 -0.530757 -0.648582 0.00916504 1
9 2.98652 4.37765 0.0531307 9 -0.488511 -0.680969 0.0079696 1
9 2.96262 4.34434 0.0462006 9 -0.497494 -0.674434 0.00693009 1
9 2.96047 4.34143 0.0401744 9 -0.498473 -0.673711 0.00602616 1
9 2.84737 4.18856 0.0349343 9 -0.0668888 -0.835397 0.00524014 1
9 2.84122 4.11184 0.0303776 9 -0.0844589 -0.833804 0.00455665 1
9 2.83888 4.08869 0.0264153 9 -0.00889186 -0.838023 0.0039623 1
9 2.83879 4.08004 0.0229699 9 -0.0194392 -0.837845 0.00344548 1
9 2.83823 4.05582 0.0199738 9 0.0463991 -0.836785 0.00299607 1
9 2.84673 3.9025 0.0173685 9 -0.00155427 -0.838069 0.00260528 1
9 2.84659 3.82604 0.0151031 9 0.00581631 -0.83805 0.00226546 1
9 2.84791 3.63491 0.0131331 9 0.033315 -0.837408 0.00196996 1
9 2.86327 3.24877 0.0114201 9 -0.826858 -0.13663 0.00171301 1
9 2.7002 3.22182 0.0099305 9 -0.824846 -0.148291 0.00148958 1
9 2.68865 3.21974 0.00863522 9 -0.824183 -0.151936 0.00129528 1
9 2.48454 3.18212 0.00750889 9 -0.822671 -0.159919 0.00112633 1
9 2.38325 3.16243 0.00652947 9 -0.809947 -0.215286 0.00097942 1
9 2.33914 3.1507 0.0056778 9 -0.796086 -0.261933 0.00085167 1
9 2.30252 3.13865 0.00493722 9 -0.793173 -0.270626 0.000740582 1
9 2.27196 3.12823 0.00429323 9 -0.790488 -0.278371 0.000643985 1
9 2.13976 3.08167 0.00373324 9 -0.804064 -0.236311 0.000559987 1
9 2.10929 3.07272 0.0032463 9 -0.759127 -0.355089 0.000486945 1
9 1.98123 3.01281 0.00282287 9 -0.780114 -0.306243 0.00042343 1
9 1.87691 2.97186 0.00245467 9 -0.781259 -0.30331 0.0003682 1
9 1.83959 2.95737 0.00213449 9 -0.795383 -0.264059 0.000320174 1
9 1.83418 2.95558 0.00185608 9 -0.794952 -0.265354 0.000278412 1
9 1.78971 2.94073 0.00161398 9 -0.758092 -0.357293 0.000242098 1
9 1.73869 2.91669 0.00140346 9 -0.745282 -0.383297 0.00021052 1
9 1.72914 2.91178 0.0012204 9 -0.751499 -0.370959 0.000183061 1
9 1.72424 2.90936 0.00106122 9 -0.755885 -0.361938 0.000159183 1
9 1.40808 2.75797 0.000922801 9 -0.703429 -0.455577 0.00013842 1
9 1.39734 2.75102 0.000802436 9 -0.684989 -0.482858 0.000120365 1
9 1.29438 2.67844 0.00069777 9 -0.836783 -0.0464363 0.000104666 1
9 1.23792 2.67531 0.000606757 9 -0.836401 -0.0528716 9.10135e-05 1
9 1.17587 2.67138 0.000527614 9 -0.83165 -0.103535 7.91422e-05 1
9 1.1512 2.66831 0.000458795 9 -0.82694 -0.136133 6.88193e-05 1
10 4.00015 6.00001 1 10 -0.63474 0.36526 0 1
10 4.00014 6.00002 0.869565 10 -0.626534 0.379164 0.130435 1
10 3.98649 6.00828 0.756144 10 -0.63671 0.361815 0.113422 1
10 3.88419 6.06641 0.657516 10 -0.665194 0.306311 0.0986274 1
10 3.88097 6.06789 0.571753 10 -0.651053 0.33532 0.085763 1
10 3.86472 6.07626 0.497177 10 -0.39933 0.613877 0.0745765 1
10 3.84394 6.1082 0.432328 10 -0.408174 0.608033 0.0648491 1
10 3.82449 6.13718 0.375937 10 -0.416332 0.602476 0.0563906 1
10 3.78181 6.19894 0.326902 10 -0.438551 0.5865 0.0490353 1
10 3.73403 6.26284 0.284262 10 -0.416261 0.602525 0.0426394 1
10 3.71834 6.28555 0.247185 10 -0.548522 0.485215 0.0370777 1
10 3.69768 6.30382 0.214943 10 -0.54204 0.492446 0.0322415 1
10 3.61626 6.3778 0.186907 10 -0.557004 0.475453 0.0280361 1
10 3.56727 6.41961 0.162528 10 -0.554349 0.478547 0.0243792 1
10 3.5553 6.42994 0.141329 10 -0.534211 0.500928 0.0211993 1
10 3.53123 6.45251 0.122894 10 -0.54872 0.484991 0.0184342 1
10 3.49961 6.48046 0.106865 10 -0.573492 0.455431 0.0160297 1
10 3.40672 6.55423 0.0929259 10 -0.577181 0.450746 0.0139389 1
10 3.39818 6.5609 0.0808051 10 -0.585613 0.439736 0.0121208 1
10 3.38786 6.56865 0.0702653 10 -0.578811 0.448651 0.0105398 1
10 3.27794 6.65385 0.0611003 10 -0.658161 0.321145 0.00916504 1
10 3.10748 6.73703 0.0531307 10 -0.651311 0.334819 0.0079696 1
10 3.0311 6.77629 0.0462006 10 -0.635527 0.363889 0.00693009 1
10 2.9421 6.82725 0.0401744 10 -0.602645 0.416087 0.00602616 1
10 2.69668 6.9967 0.0349343 10 -0.571227 0.458269 0.00524014 1
10 2.59607 7.0774 0.0303776 10 -0.576729 0.451324 0.00455665 1
10 2.51605 7.14003 0.0264153 10 -0.548694 0.485021 0.0039623 1
10 2.51246 7.1432 0.0229699 10 -0.577114 0.450832 0.00344548 1
10 2.51189 7.14365 0.0199738 10 -0.592888 0.429876 0.00299607 1
10 2.47248 7.17222 0.0173685 10 -0.606481 0.410476 0.00260528 1
10 2.17224 7.37543 0.0151031 10 -0.11474 0.723287 0.00226546 1
10 2.17067 7.3853 0.0131331 10 -0.124 0.721758 0.00196996 1
10 2.16371 7.42585 0.0114201 10 -0.11037 0.723967 0.00171301 1
10 2.1276 7.66268 0.0099305 10 -0.114219 0.72337 0.00148958 1
10 2.09636 7.86056 0.00863522 10 -0.083249 0.727585 0.00129528 1
10 2.08904 7.92452 0.00750889 10 -0.0745715 0.728525 0.00112633 1
10 2.08536 7.9604 0.00652947 10 -0.257979 0.685388 0.00097942 1
10 2.0662 8.01132 0.0056778 10 -0.273864 0.679197 0.00085167 1
10 2.00047 8.17434 0.00493722 10 -0.279931 0.676719 0.000740582 1
10 1.99921 8.17738 0.00429323 10 0.170463 0.712216 0.000643985 1
10 2.04611 8.37334 0.00373324 10 0.148799 0.717056 0.000559987 1
10 2.05153 8.39949 0.0032463 10 0.730891 0.0459221 0.000486945 1
10 2.13304 8.40461 0.00282287 10 0.729434 0.0650828 0.00042343 1
10 2.21616 8.41203 0.00245467 10 0.732042 0.0205888 0.0003682 1
10 2.23426 8.41254 0.00213449 10 0.730878 0.046121 0.000320174 1
10 2.6546 8.43906 0.00185608 10 0.729116 0.0685501 0.000278412 1
10 2.74493 8.44756 0.00161398 10 0.730263 0.0550055 0.000242098 1
10 2.74601 8.44764 0.00140346 10 0.728553 0.074303 0.00021052 1
10 2.80799 8.45396 0.0012204 10 0.732056 0.0200986 0.000183061 1
10 2.81851 8.45425 0.00106122 10 0.728504 -0.0747756 0.000159183 1
10 2.82812 8.45326 0.000922801 10 0.729743 -0.0615188 0.00013842 1
10 2.97661 8.44074 0.000802436 10 0.721507 -0.125449 0.000120365 1
10 3.14492 8.41148 0.00069777 10 0.72565 -0.0987025 0.000104666 1
10 3.19349 8.40487 0.000606757 10 0.729291 -0.0666704 9.10135e-05 1
10 3.24442 8.40022 0.000527614 10 0.319726 0.658851 7.91422e-05 1
10 3.25235 8.41655 0.000458795 10 0.34353 0.646759 6.88193e-05 1
10 3.31533 8.53513 0.000398952 10 0.317011 0.660162 5.98428e-05 1
10 3.33438 8.57481 0.000346915 10 -0.110124 0.724004 5.20373e-05 1
10 3.30938 8.73919 0.000301665 10 -0.100967 0.725338 4.52498e-05 1
10 3.27613 8.97809 0.000262318 10 -0.0659387 0.729357 3.93476e-05 1
10 3.27062 9.03893 0.000228102 10 -0.0378245 0.731354 3.42153e-05 1
10 3.26908 9.06873 0.00019835 10 0.00621169 0.732305 2.97525e-05 1
10 3.26965 9.13554 0.000172478 10 0.0364727 0.731423 2.58717e-05 1
10 3.27059 9.15441 0.000149981 10 0.544715 -0.489485 2.24971e-05 1
10 3.27254 9.15266 0.000130418 10 0.532048 -0.503224 1.95627e-05 1
10 3.27346 9.15179 0.000113407 10 0.730619 -0.0500514 1.70111e-05 1
10 3.28426 9.15105 9.86149e-05 10 0.730435 -0.0526783 1.47922e-05 1

