1 3.97259 6.01311 1 1 0.441642 0.558358 0 1
1 4.00022 6.04804 0.833333 1 0.389739 0.595747 0.166667 1
1 4.03275 6.09778 0.694444 1 0.433108 0.565003 0.138889 1
1 4.03391 6.09929 0.578704 1 0.374608 0.605376 0.115741 1
1 4.03718 6.10457 0.482253 1 0.368226 0.609279 0.0964506 1
1 4.05197 6.12903 0.401878 1 0.323756 0.634029 0.0803755 1
1 4.05545 6.13587 0.334898 1 0.32984 0.630886 0.0669796 1
1 4.06371 6.15166 0.279082 1 0.31382 0.639006 0.0558163 1
1 4.09003 6.20526 0.232568 1 0.368034 0.609395 0.0465136 1
1 4.09818 6.21876 0.193807 1 0.361488 0.6133 0.0387613 1
1 4.16027 6.32409 0.161506 1 0.338991 0.626016 0.0323011 1
1 4.16904 6.34028 0.134588 1 0.358266 0.615188 0.0269176 1
1 4.17096 6.34358 0.112157 1 0.422363 0.57308 0.0224313 1
1 4.30845 6.53014 0.0934639 1 0.368237 0.609272 0.0186928 1
1 4.39893 6.67984 0.0778866 1 0.364533 0.611496 0.0155773 1
1 4.4407 6.74991 0.0649055 1 0.477743 0.5278 0.0129811 1
1 4.47643 6.78938 0.0540879 1 0.506056 0.500718 0.0108176 1
1 4.48257 6.79546 0.0450732 1 0.501536 0.505245 0.00901465 1
1 4.50014 6.81315 0.037561 1 0.526118 0.479594 0.00751221 1
1 4.55985 6.86759 0.0313009 1 0.675992 -0.223262 0.00626017 1
1 4.70175 6.82072 0.0260841 1 0.682801 -0.20148 0.00521681 1
1 4.71839 6.81581 0.0217367 1 0.68825 -0.181996 0.00434734 1
1 4.72091 6.81514 0.0181139 1 0.672761 -0.232816 0.00362279 1
1 4.81455 6.78274 0.0150949 1 0.692139 -0.166597 0.00301899 1
1 4.81652 6.78226 0.0125791 1 0.705435 0.0957748 0.00251582 1
1 4.95321 6.80082 0.0104826 1 0.708152 0.0730188 0.00209652 1
1 5.0841 6.81432 0.0087355 1 0.709102 0.0631333 0.0017471 1
1 5.16387 6.82142 0.00727958 1 0.709601 0.0572537 0.00145592 1
1 5.21132 6.82525 0.00606632 1 0.707733 0.0769772 0.00121326 1
1 5.26298 6.83087 0.00505526 1 0.70648 0.0877337 0.00101105 1
1 5.27964 6.83294 0.00421272 1 0.710995 0.0360085 0.000842544 1
1 5.36132 6.83707 0.0035106 1 0.710411 0.0461225 0.00070212 1
1 5.40812 6.84011 0.0029255 1 0.674328 0.228238 0.0005851 1
1 5.44019 6.85096 0.00243792 1 0.677795 0.217729 0.000487583 1
1 5.55336 6.88732 0.0020316 1 0.676374 0.222103 0.000406319 1
1 5.68747 6.93136 0.001693 1 0.652471 0.284767 0.0003386 1
1 5.74954 6.95845 0.00141083 1 0.681235 0.206713 0.000282166 1
1 5.75183 6.95914 0.00117569 1 0.689381 0.177664 0.000235139 1
1 5.83108 6.97957 0.000979744 1 0.710659 0.0421335 0.000195949 1
1 5.89932 6.98361 0.000816453 1 0.708938 0.0649488 0.000163291 1
1 6.00779 6.99355 0.000680378 1 0.707455 0.0794878 0.000136076 1
1 6.01101 6.99391 0.000566982 1 0.709929 0.0530343 0.000113396 1
1 6.02372 6.99486 0.000472485 1 0.709455 0.0590364 9.44969e-05 1
1 6.27887 7.01609 0.000393737 1 0.710728 0.0409524 7.87474e-05 1
1 6.31496 7.01817 0.000328114 1 0.706923 0.0840871 6.56229e-05 1
1 6.33897 7.02103 0.000273429 1 0.70499 0.0989941 5.46857e-05 1
1 6.39776 7.02929 0.000227857 1 0.706002 0.0914977 4.55714e-05 1
1 6.40132 7.02975 0.000189881 1 0.68088 0.20788 3.79762e-05 1
1 6.57055 7.08141 0.000158234 1 0.68451 0.195596 3.16468e-05 1
1 6.58529 7.08562 0.000131862 1 0.685583 0.191801 2.63724e-05 1
1 6.6379 7.10034 0.000109885 1 0.694601 0.156015 2.1977e-05 1
1 6.6582 7.1049 9.15707e-05 1 0.711893 -0.00448098 1.83141e-05 1
2 4.0094 5.9703 1 2 0.679709 0.320291 0 1
2 4.03175 5.98083 0.833333 2 0.707428 0.253251 0.166667 1
2 4.06677 5.99336 0.694444 2 0.705066 0.259753 0.138889 1
2 4.09507 6.00379 0.578704 2 0.710473 0.244577 0.115741 1
2 4.1098 6.00886 0.482253 2 0.719029 0.218144 0.0964506 1
2 4.16527 6.02569 0.401878 2 0.749275 0.0563702 0.0803755 1
2 4.18642 6.02728 0.334898 2 0.747369 0.0776557 0.0669796 1
2 4.21634 6.03039 0.279082 2 0.73718 0.145453 0.0558163 1
2 4.22183 6.03147 0.232568 2 0.733885 0.161255 0.0465136 1
2 4.36458 6.06284 0.193807 2 0.730725 0.175019 0.0387613 1
2 4.3927 6.06957 0.161506 2 0.726044 0.193521 0.0323011 1
2 4.40728 6.07346 0.134588 2 0.721881 0.208514 0.0269176 1
2 4.44366 6.08397 0.112157 2 0.710874 0.24341 0.0224313 1
2 4.44468 6.08432 0.0934639 2 0.718097 0.221194 0.0186928 1
2 4.47313 6.09308 0.0778866 2 0.723615 0.202416 0.0155773 1
2 4.54032 6.11188 0.0649055 2 0.751125 0.0200294 0.0129811 1
2 4.58054 6.11295 0.0540879 2 0.747337 0.0779636 0.0108176 1
2 4.68034 6.12336 0.0450732 2 0.266955 0.702371 0.00901465 1
2 4.68121 6.12565 0.037561 2 0.590049 0.465223 0.00751221 1
2 4.7775 6.20156 0.0313009 2 0.585752 0.470622 0.00626017 1
2 4.79868 6.21858 0.0260841 2 0.567314 0.492691 0.00521681 1
2 4.81773 6.23513 0.0217367 2 0.572814 0.486287 0.00434734 1
2 4.85826 6.26953 0.0181139 2 0.597917 0.455066 0.00362279 1
2 4.86249 6.27275 0.0150949 2 0.590864 0.464188 0.00301899 1
2 4.88073 6.28709 0.0125791 2 0.579852 0.477872 0.00251582 1
2 4.93835 6.33457 0.0104826 2 0.574149 0.48471 0.00209652 1
2 5.03382 6.41517 0.0087355 2 0.51276 0.549242 0.0017471 1
2 5.04191 6.42383 0.00727958 2 0.296675 0.690343 0.00145592 1
2 5.05598 6.45657 0.00606632 2 0.283509 0.695854 0.00121326 1
2 5.0923 6.54573 0.00505526 2 0.292313 0.692202 0.00101105 1
2 5.09918 6.56203 0.00421272 2 0.225744 0.71668 0.000842544 1
2 5.10971 6.59545 0.0035106 2 0.242596 0.711152 0.00070212 1
2 5.13382 6.66612 0.0029255 2 0.225818 0.716657 0.0005851 1
2 5.1376 6.67812 0.00243792 2 0.254374 0.707025 0.000487583 1
2 5.14917 6.71027 0.0020316 2 0.216099 0.719647 0.000406319 1
2 5.1566 6.73502 0.001693 2 0.22996 0.715338 0.0003386 1
2 5.15951 6.74409 0.00141083 2 0.238737 0.712457 0.000282166 1
2 5.16039 6.7467 0.00117569 2 0.170603 0.731768 0.000235139 1
2 5.16532 6.76783 0.000979744 2 0.164763 0.733105 0.000195949 1
2 5.17033 6.79012 0.000816453 2 0.0826567 0.746832 0.000163291 1
2 5.1752 6.83412 0.000680378 2 0.106182 0.743852 0.000136076 1
2 5.17767 6.85144 0.000566982 2 0.00667197 0.751363 0.000113396 1
2 5.17767 6.85168 0.000472485 2 0.0679488 0.748314 9.44969e-05 1
2 5.18016 6.87905 0.000393737 2 0.164421 0.733182 7.87474e-05 1
2 5.18273 6.89054 0.000328114 2 0.158809 0.734418 6.56229e-05 1
2 5.20991 7.01624 0.000273429 2 0.264772 0.703197 5.46857e-05 1
2 5.23288 7.07722 0.000227857 2 0.314515 0.682401 4.55714e-05 1
2 5.28908 7.19917 0.000189881 2 0.31293 0.683129 3.79762e-05 1
2 5.29716 7.21681 0.000158234 2 0.322875 0.678485 3.16468e-05 1
2 5.30464 7.23252 0.000131862 2 0.336514 0.671825 2.63724e-05 1
2 5.3056 7.23445 0.000109885 2 0.333694 0.67323 2.1977e-05 1
2 5.31229 7.24793 9.15707e-05 2 0.360068 0.659501 1.83141e-05 1
3 4.0411 5.9141 1 3 0.555923 -0.444077 0 1
3 4.1357 5.83853 0.833333 3 0.516285 -0.489596 0.166667 1
3 4.15637 5.81892 0.694444 3 0.527033 -0.478008 0.138889 1
3 4.1725 5.80429 0.578704 3 0.536576 -0.46727 0.115741 1
3 4.26737 5.72167 0.482253 3 0.53128 -0.473282 0.0964506 1
3 4.27478 5.71507 0.401878 3 0.556594 -0.443236 0.0803755 1
3 4.3051 5.69093 0.334898 3 0.49993 -0.506285 0.0669796 1
3 4.37757 5.61754 0.279082 3 0.467787 0.536125 0.0558163 1
3 4.38563 5.62677 0.232568 3 0.496119 0.51002 0.0465136 1
3 4.3929 5.63424 0.193807 3 0.488103 0.517697 0.0387613 1
3 4.42594 5.66928 0.161506 3 0.425803 0.570041 0.0323011 1
3 4.42607 5.66946 0.134588 3 0.125897 0.700289 0.0269176 1
3 4.43935 5.74333 0.112157 3 0.105528 0.703647 0.0224313 1
3 4.44235 5.76333 0.0934639 3 0.134053 0.698774 0.0186928 1
3 4.44318 5.76767 0.0778866 3 0.193668 0.684651 0.0155773 1
3 4.46658 5.8504 0.0649055 3 0.456856 0.54547 0.0129811 1
3 4.49025 5.87866 0.0540879 3 0.497369 0.508801 0.0108176 1
3 4.54676 5.93646 0.0450732 3 0.489724 0.516164 0.00901465 1
3 4.5881 5.98004 0.037561 3 0.496207 0.509935 0.00751221 1
3 4.65278 6.04651 0.0313009 3 0.485621 0.520026 0.00626017 1
3 4.72313 6.12184 0.0260841 3 0.629038 0.332515 0.00521681 1
3 4.75954 6.14109 0.0217367 3 0.669002 0.242262 0.00434734 1
3 4.78649 6.15085 0.0181139 3 0.657381 0.272223 0.00362279 1
3 4.86594 6.18375 0.0150949 3 0.645634 0.299018 0.00301899 1
3 4.98218 6.23758 0.0125791 3 0.671026 0.236598 0.00251582 1
3 5.00684 6.24628 0.0104826 3 0.661723 0.26149 0.00209652 1
3 5.01856 6.25091 0.0087355 3 0.652842 0.282936 0.0017471 1
3 5.08847 6.28121 0.00727958 3 0.652269 0.284252 0.00145592 1
3 5.1215 6.29561 0.00606632 3 0.642691 0.305293 0.00121326 1
3 5.15161 6.30991 0.00505526 3 0.558368 0.440998 0.00101105 1
3 5.19556 6.34461 0.00421272 3 0.525888 0.479267 0.000842544 1
3 5.23803 6.38332 0.0035106 3 0.666025 0.25033 0.00070212 1
3 5.24781 6.387 0.0029255 3 0.608777 0.368301 0.0005851 1
3 5.29634 6.41636 0.00243792 3 0.602243 0.37889 0.000487583 1
3 5.34288 6.44564 0.0020316 3 0.509124 0.497039 0.000406319 1
3 5.3575 6.45991 0.001693 3 0.50588 0.500341 0.0003386 1
3 5.5425 6.64289 0.00141083 3 0.498668 0.507528 0.000282166 1
3 5.55604 6.65667 0.00117569 3 0.491995 0.514 0.000235139 1
3 5.5609 6.66175 0.000979744 3 0.511778 0.494306 0.000195949 1
3 5.60133 6.70079 0.000816453 3 0.497353 0.508817 0.000163291 1
3 5.67294 6.77405 0.000680378 3 0.479873 0.525334 0.000136076 1
3 5.68225 6.78425 0.000566982 3 0.489531 0.516347 0.000113396 1
3 5.72347 6.82772 0.000472485 3 0.569631 0.426351 9.44969e-05 1
3 5.86799 6.93589 0.000393737 3 0.540973 0.462172 7.87474e-05 1
3 5.91262 6.97402 0.000328114 3 0.480902 0.524393 6.56229e-05 1
3 5.92271 6.98503 0.000273429 3 0.465444 0.53816 5.46857e-05 1
3 5.97006 7.03976 0.000227857 3 0.456347 0.545896 4.55714e-05 1
3 6.02318 7.10332 0.000189881 3 0.466245 0.537466 3.79762e-05 1
3 6.06827 7.15529 0.000158234 3 0.489242 0.516621 3.16468e-05 1
3 6.07688 7.16439 0.000131862 3 0.441127 0.558266 2.63724e-05 1
3 6.11108 7.20766 0.000109885 3 0.446379 0.554076 2.1977e-05 1
3 6.11291 7.20993 9.15707e-05 3 0.461179 0.54182 1.83141e-05 1
4 4.01168 6.01986 1 4 0.403996 0.596004 0 1
4 4.0124 6.02093 0.833333 4 0.369599 0.617924 0.166667 1
4 4.01263 6.02129 0.694444 4 0.381855 0.610427 0.138889 1
4 4.02572 6.04223 0.578704 4 0.393099 0.603247 0.115741 1
4 4.05661 6.08963 0.482253 4 0.438096 0.571407 0.0964506 1
4 4.0871 6.12939 0.401878 4 0.368731 0.618442 0.0803755 1
4 4.09499 6.14264 0.334898 4 0.349099 0.629733 0.0669796 1
4 4.0973 6.1468 0.279082 4 0.338579 0.635451 0.0558163 1
4 4.10107 6.15388 0.232568 4 0.390215 0.605116 0.0465136 1
4 4.12849 6.1964 0.193807 4 0.400172 0.598579 0.0387613 1
4 4.15799 6.24053 0.161506 4 0.427446 0.579417 0.0323011 1
4 4.18559 6.27793 0.134588 4 0.416714 0.587182 0.0269176 1
4 4.21782 6.32335 0.112157 4 0.59849 -0.400303 0.0224313 1
4 4.28512 6.27833 0.0934639 4 0.604429 -0.39128 0.0186928 1
4 4.30996 6.26225 0.0778866 4 0.592144 -0.409633 0.0155773 1
4 4.59366 6.06599 0.0649055 4 0.595433 -0.404838 0.0129811 1
4 4.62779 6.04278 0.0540879 4 0.573579 -0.435248 0.0108176 1
4 4.64812 6.02736 0.0450732 4 0.679542 -0.238025 0.00901465 1
4 4.66336 6.02202 0.037561 4 0.6736 -0.254354 0.00751221 1
4 4.7669 5.98292 0.0313009 4 0.659657 -0.288593 0.00626017 1
4 4.7751 5.97934 0.0260841 4 0.666631 -0.272098 0.00521681 1
4 4.82516 5.9589 0.0217367 4 -0.672432 -0.257427 0.00434734 1
4 4.75623 5.93252 0.0181139 4 -0.677398 -0.244061 0.00362279 1
4 4.69902 5.9119 0.0150949 4 -0.683513 -0.226371 0.00301899 1
4 4.58321 5.87355 0.0125791 4 -0.662714 -0.281503 0.00251582 1
4 4.50346 5.83967 0.0104826 4 -0.677815 -0.2429 0.00209652 1
4 4.46927 5.82742 0.0087355 4 -0.690451 -0.204232 0.0017471 1
4 4.38398 5.80219 0.00727958 4 -0.686765 -0.216305 0.00145592 1
4 4.30505 5.77733 0.00606632 4 -0.692047 -0.198756 0.00121326 1
4 4.30445 5.77716 0.00505526 4 -0.694433 -0.190254 0.00101105 1
4 4.24877 5.7619 0.00421272 4 -0.691389 -0.201034 0.000842544 1
4 4.18798 5.74423 0.0035106 4 -0.698597 -0.174345 0.00070212 1
4 4.07744 5.71664 0.0029255 4 -0.574427 -0.434129 0.0005851 1
4 4.04653 5.69329 0.00243792 4 -0.628238 -0.351781 0.000487583 1
4 3.99383 5.66377 0.0020316 4 -0.609917 -0.382668 0.000406319 1
4 3.97319 5.65083 0.001693 4 -0.613145 -0.377474 0.0003386 1
4 3.96572 5.64623 0.00141083 4 -0.661423 -0.284522 0.000282166 1
4 3.92175 5.62731 0.00117569 4 -0.653797 -0.301634 0.000235139 1
4 3.8737 5.60515 0.000979744 4 -0.585835 -0.418606 0.000195949 1
4 3.8586 5.59435 0.000816453 4 -0.602641 -0.394027 0.000163291 1
4 3.7582 5.52871 0.000680378 4 -0.600905 -0.396669 0.000136076 1
4 3.74652 5.521 0.000566982 4 -0.589794 -0.41301 0.000113396 1
4 3.68309 5.47658 0.000472485 4 -0.561891 -0.450236 9.44969e-05 1
4 3.65958 5.45774 0.000393737 4 -0.581288 -0.424898 7.87474e-05 1
4 3.61996 5.42878 0.000328114 4 -0.575899 -0.432173 6.56229e-05 1
4 3.6073 5.41928 0.000273429 4 -0.565928 -0.445151 5.46857e-05 1
4 3.51386 5.34579 0.000227857 4 -0.587171 -0.41673 4.55714e-05 1
4 3.51099 5.34374 0.000189881 4 -0.583944 -0.421239 3.79762e-05 1
4 3.50033 5.33606 0.000158234 4 -0.601834 -0.395258 3.16468e-05 1
4 3.46432 5.31241 0.000131862 4 -0.591002 -0.411279 2.63724e-05 1
4 3.45253 5.3042 0.000109885 4 -0.572215 -0.43704 2.1977e-05 1
4 3.29827 5.18638 9.15707e-05 4 -0.582842 -0.422764 1.83141e-05 1
5 3.98789 6.04402 1 5 -0.427548 0.572452 0 1
5 3.97764 6.05775 0.833333 5 -0.412815 0.583166 0.166667 1
5 3.85155 6.23587 0.694444 5 -0.417168 0.58006 0.138889 1
5 3.79746 6.31108 0.578704 5 -0.407035 0.587215 0.115741 1
5 3.75229 6.37625 0.482253 5 -0.452363 0.553052 0.0964506 1
5 3.74932 6.37988 0.401878 5 -0.472285 0.53614 0.0803755 1
5 3.70391 6.43143 0.334898 5 -0.45568 0.550322 0.0669796 1
5 3.62463 6.52718 0.279082 5 -0.442266 0.561159 0.0558163 1
5 3.60993 6.54583 0.232568 5 -0.428906 0.571435 0.0465136 1
5 3.57048 6.59839 0.193807 5 -0.450167 0.554841 0.0387613 1
5 3.54046 6.63539 0.161506 5 -0.424108 0.575005 0.0323011 1
5 3.50924 6.67772 0.134588 5 -0.426682 0.573098 0.0269176 1
5 3.5092 6.67778 0.112157 5 -0.457933 0.548449 0.0224313 1
5 3.50569 6.68198 0.0934639 5 -0.428634 0.57164 0.0186928 1
5 3.45089 6.75505 0.0778866 5 -0.404675 0.588844 0.0155773 1
5 3.44911 6.75765 0.0649055 5 -0.431972 0.569121 0.0129811 1
5 3.36226 6.87207 0.0540879 5 -0.527619 0.481785 0.0108176 1
5 3.3482 6.88491 0.0450732 5 -0.54451 0.462609 0.00901465 1
5 3.31966 6.90916 0.037561 5 -0.556941 0.447566 0.00751221 1
5 3.21424 6.99388 0.0313009 5 -0.552259 0.453331 0.00626017 1
5 3.20859 6.99852 0.0260841 5 -0.565221 0.437063 0.00521681 1
5 3.08607 7.09325 0.0217367 5 -0.573311 0.426396 0.00434734 1
5 3.06367 7.10991 0.0181139 5 -0.592371 0.399494 0.00362279 1
5 2.96539 7.17619 0.0150949 5 -0.597825 0.391285 0.00301899 1
5 2.94749 7.18791 0.0125791 5 -0.588987 0.404466 0.00251582 1
5 2.92406 7.204 0.0104826 5 -0.562534 0.440516 0.00209652 1
5 2.90576 7.21833 0.0087355 5 -0.556768 0.447782 0.0017471 1
5 2.90176 7.22154 0.00727958 5 -0.548669 0.457669 0.00145592 1
5 2.82094 7.28896 0.00606632 5 -0.561553 0.441765 0.00121326 1
5 2.80581 7.30087 0.00505526 5 -0.604416 0.381026 0.00101105 1
5 2.74494 7.33924 0.00421272 5 -0.610298 0.371531 0.000842544 1
5 2.72246 7.35292 0.0035106 5 -0.616082 0.361859 0.00070212 1
5 2.70747 7.36173 0.0029255 5 -0.569975 0.430845 0.0005851 1
5 2.59847 7.44412 0.00243792 5 -0.554852 0.450154 0.000487583 1
5 2.49294 7.52974 0.0020316 5 -0.647615 0.301816 0.000406319 1
5 2.29716 7.62098 0.001693 5 -0.637087 0.323448 0.0003386 1
5 2.29382 7.62267 0.00141083 5 -0.676049 0.231208 0.000282166 1
5 2.28833 7.62455 0.00117569 5 -0.487679 0.522176 0.000235139 1
5 2.28797 7.62494 0.000979744 5 -0.469782 0.538334 0.000195949 1
5 2.25458 7.6632 0.000816453 5 -0.343748 0.626367 0.000163291 1
5 2.17812 7.80253 0.000680378 5 -0.358678 0.617939 0.000136076 1
5 2.15794 7.83729 0.000566982 5 -0.330553 0.63343 0.000113396 1
5 2.15171 7.84922 0.000472485 5 -0.346499 0.62485 9.44969e-05 1
5 2.09284 7.95538 0.000393737 5 -0.358998 0.617753 7.87474e-05 1
5 2.09275 7.95555 0.000328114 5 -0.581349 0.41537 6.56229e-05 1
5 2.05405 7.98319 0.000273429 5 -0.614471 0.364588 5.46857e-05 1
5 1.86436 8.09575 0.000227857 5 -0.635358 0.326832 4.55714e-05 1
5 1.85753 8.09926 0.000189881 5 -0.651469 0.293406 3.79762e-05 1
5 1.84781 8.10364 0.000158234 5 -0.636948 0.323722 3.16468e-05 1
5 1.77648 8.13989 0.000131862 5 -0.645789 0.305704 2.63724e-05 1
6 4.01678 5.99657 1 6 -0.796809 0.203191 0 1
6 3.93703 6.01691 0.833333 6 -0.792229 0.220374 0.166667 1
6 3.83842 6.04434 0.694444 6 -0.801876 0.182172 0.138889 1
6 3.79664 6.05383 0.578704 6 -0.809215 0.146159 0.115741 1
6 3.77992 6.05685 0.482253 6 -0.814659 0.111898 0.0964506 1
6 3.75721 6.05997 0.401878 6 -0.819275 0.0705675 0.0803755 1
6 3.62037 6.07176 0.334898 6 -0.821535 0.0356532 0.0669796 1
6 3.5968 6.07278 0.279082 6 -0.789738 -0.229139 0.0558163 1
6 3.59632 6.07264 0.232568 6 -0.796562 -0.204158 0.0465136 1
6 3.59392 6.07203 0.193807 6 -0.787663 -0.236175 0.0387613 1
6 3.55443 6.06019 0.161506 6 -0.761772 -0.309669 0.0323011 1
6 3.43324 6.01092 0.134588 6 -0.753064 -0.330282 0.0269176 1
6 3.41586 6.0033 0.112157 6 -0.748809 -0.339818 0.0224313 1
6 3.35483 5.9756 0.0934639 6 -0.786124 -0.241247 0.0186928 1
6 3.32336 5.96595 0.0778866 6 -0.78773 -0.235949 0.0155773 1
6 3.09303 5.89696 0.0649055 6 -0.781681 -0.255277 0.0129811 1
6 3.07263 5.89029 0.0540879 6 -0.782402 -0.253059 0.0108176 1
6 2.81248 5.80615 0.0450732 6 -0.773968 -0.277784 0.00901465 1
6 2.69339 5.76341 0.037561 6 -0.786748 -0.239204 0.00751221 1
6 2.66067 5.75346 0.0313009 6 -0.804179 -0.17172 0.00626017 1
6 2.65543 5.75234 0.0260841 6 -0.797164 -0.201792 0.00521681 1
6 2.63042 5.74601 0.0217367 6 -0.792516 -0.219339 0.00434734 1
6 2.58999 5.73482 0.0181139 6 -0.797038 -0.202291 0.00362279 1
6 2.54165 5.72255 0.0150949 6 -0.816631 -0.0964639 0.00301899 1
6 2.53958 5.72231 0.0125791 6 -0.817071 -0.0926577 0.00251582 1
6 2.42003 5.70875 0.0104826 6 -0.821611 -0.033864 0.00209652 1
6 2.39622 5.70777 0.0087355 6 -0.82138 0.0390692 0.0017471 1
6 2.26882 5.71383 0.00727958 6 -0.820767 0.0503225 0.00145592 1
6 2.22405 5.71657 0.00606632 6 -0.778595 0.264539 0.00121326 1
6 2.05265 5.77481 0.00505526 6 -0.781525 0.255755 0.00101105 1
6 2.01515 5.78708 0.00421272 6 -0.779414 0.262115 0.000842544 1
6 1.98932 5.79577 0.0035106 6 -0.793959 0.214057 0.00070212 1
6 1.96822 5.80145 0.0029255 6 -0.792206 0.220457 0.0005851 1
6 1.916 5.81599 0.00243792 6 -0.784453 0.246626 0.000487583 1
6 1.91346 5.81679 0.0020316 6 -0.780549 0.258717 0.000406319 1
6 1.8595 5.83467 0.001693 6 -0.772143 0.282819 0.0003386 1
6 1.80696 5.85392 0.00141083 6 -0.626641 0.532459 0.000282166 1
6 1.78962 5.86865 0.00117569 6 -0.6038 0.558226 0.000235139 1
6 1.76939 5.88735 0.000979744 6 -0.752248 0.332135 0.000195949 1
6 1.76491 5.88933 0.000816453 6 -0.770229 0.287992 0.000163291 1
6 1.67543 5.92279 0.000680378 6 -0.786644 0.239545 0.000136076 1
6 1.64676 5.93152 0.000566982 6 -0.778147 0.265854 0.000113396 1
6 1.60995 5.94409 0.000472485 6 -0.772819 0.280966 9.44969e-05 1
6 1.57438 5.95702 0.000393737 6 -0.750534 0.335991 7.87474e-05 1
6 1.37596 6.04585 0.000328114 6 -0.753278 0.329794 6.56229e-05 1
6 1.34251 6.06049 0.000273429 6 -0.545039 0.61573 5.46857e-05 1
6 1.29293 6.11651 0.000227857 6 -0.554098 0.607591 4.55714e-05 1
6 1.28742 6.12255 0.000189881 6 -0.476351 0.670284 3.79762e-05 1
6 1.25973 6.16152 0.000158234 6 -0.437314 0.696382 3.16468e-05 1
6 1.24219 6.18944 0.000131862 6 -0.501754 0.651486 2.63724e-05 1
6 1.18647 6.26179 0.000109885 6 -0.552324 0.609204 2.1977e-05 1
6 1.18531 6.26307 9.15707e-05 6 -0.478241 0.668937 1.83141e-05 1
7 3.99469 5.98821 1 7 -0.311678 -0.688322 0 1
7 3.93968 5.86673 0.833333 7 -0.192814 -0.730584 0.166667 1
7 3.93493 5.84871 0.694444 7 -0.190546 -0.731179 0.138889 1
7 3.91966 5.79011 0.578704 7 -0.29177 -0.696994 0.115741 1
7 3.87275 5.67805 0.482253 7 -0.283046 -0.700582 0.0964506 1
7 3.85163 5.62577 0.401878 7 -0.295602 -0.695378 0.0803755 1
7 3.84163 5.60227 0.334898 7 -0.284909 -0.699826 0.0669796 1
7 3.84045 5.59936 0.279082 7 -0.295618 -0.695371 0.0558163 1
7 3.82559 5.56441 0.232568 7 -0.286177 -0.699309 0.0465136 1
7 3.80981 5.52584 0.193807 7 -0.254501 -0.711449 0.0387613 1
7 3.79056 5.47204 0.161506 7 -0.248925 -0.713419 0.0323011 1
7 3.78019 5.44232 0.134588 7 -0.235348 -0.718012 0.0269176 1
7 3.7667 5.40115 0.112157 7 -0.164879 -0.737391 0.0224313 1
7 3.75743 5.35971 0.0934639 7 -0.119403 -0.746105 0.0186928 1
7 3.73287 5.2062 0.0778866 7 -0.131967 -0.743986 0.0155773 1
7 3.73028 5.19161 0.0649055 7 -0.173295 -0.735459 0.0129811 1
7 3.71557 5.12918 0.0540879 7 -0.182875 -0.733135 0.0108176 1
7 3.71464 5.12548 0.0450732 7 -0.235337 -0.718016 0.00901465 1
7 3.68184 5.02539 0.037561 7 -0.345281 -0.672095 0.00751221 1
7 3.61033 4.88619 0.0313009 7 -0.330355 -0.679556 0.00626017 1
7 3.55508 4.77253 0.0260841 7 -0.279551 -0.701984 0.00521681 1
7 3.46232 4.53961 0.0217367 7 -0.309779 -0.689179 0.00434734 1
7 3.4507 4.51377 0.0181139 7 -0.728592 -0.20021 0.00362279 1
7 3.44655 4.51263 0.0150949 7 -0.72279 -0.220238 0.00301899 1
7 3.37205 4.48993 0.0125791 7 -0.723193 -0.21891 0.00251582 1
7 3.33309 4.47813 0.0104826 7 -0.716897 -0.238723 0.00209652 1
7 3.26014 4.45384 0.0087355 7 -0.711405 -0.254624 0.0017471 1
7 3.26003 4.4538 0.00727958 7 -0.693788 -0.299314 0.00145592 1
7 3.23762 4.44414 0.00606632 7 -0.67568 -0.338211 0.00121326 1
7 3.15164 4.4011 0.00505526 7 -0.607429 -0.4494 0.00101105 1
7 3.12795 4.38357 0.00421272 7 -0.630381 -0.416593 0.000842544 1
7 3.01279 4.30747 0.0035106 7 -0.611402 -0.44398 0.00070212 1
7 3.01012 4.30552 0.0029255 7 -0.185259 -0.732536 0.0005851 1
7 3.0011 4.26988 0.00243792 7 0.254079 -0.7116 0.000487583 1
7 3.01286 4.23694 0.0020316 7 0.265482 -0.707425 0.000406319 1
7 3.04882 4.14112 0.001693 7 0.198609 -0.72903 0.0003386 1
7 3.05474 4.1194 0.00141083 7 0.218458 -0.72333 0.000282166 1
7 3.06654 4.08032 0.00117569 7 0.213471 -0.724818 0.000235139 1
7 3.07694 4.04503 0.000979744 7 0.166452 -0.737037 0.000195949 1
7 3.10015 3.94227 0.000816453 7 0.255086 -0.711239 0.000163291 1
7 3.11781 3.89303 0.000680378 7 0.228556 -0.720203 0.000136076 1
7 3.1466 3.80229 0.000566982 7 0.0908496 -0.750118 0.000113396 1
7 3.14951 3.77826 0.000472485 7 0.080675 -0.75128 9.44969e-05 1
7 3.15573 3.72036 0.000393737 7 0.0701058 -0.75234 7.87474e-05 1
7 3.15836 3.69208 0.000328114 7 0.0749693 -0.751871 6.56229e-05 1
7 3.16727 3.6028 0.000273429 7 0.0647828 -0.752817 5.46857e-05 1
7 3.17113 3.55788 0.000227857 7 0.157233 -0.739059 4.55714e-05 1
7 3.198 3.43159 0.000189881 7 0.132209 -0.743943 3.79762e-05 1
7 3.2101 3.3635 0.000158234 7 0.0766371 -0.751703 3.16468e-05 1
7 3.22326 3.23445 0.000131862 7 0.10165 -0.748731 2.63724e-05 1
7 3.22699 3.20698 0.000109885 7 0.135528 -0.743346 2.1977e-05 1
7 3.22936 3.19398 9.15707e-05 7 -0.482389 -0.581577 1.83141e-05 1
8 3.94849 5.99332 1 8 0.921785 0.0782151 0 1
8 4.01468 5.99894 0.833333 8 0.92418 0.0411939 0.166667 1
8 4.02004 5.99918 0.694444 8 0.923405 0.0559247 0.138889 1
8 4.2471 6.01293 0.578704 8 0.903931 0.196759 0.115741 1
8 4.3072 6.02601 0.482253 8 0.898603 0.219813 0.0964506 1
8 4.31547 6.02803 0.401878 8 0.787776 0.484988 0.0803755 1
8 4.32837 6.03597 0.334898 8 0.708629 0.594685 0.0669796 1
8 4.33242 6.03937 0.279082 8 0.563189 0.733909 0.0558163 1
8 4.34616 6.05727 0.232568 8 0.581194 0.719735 0.0465136 1
8 4.38193 6.10157 0.193807 8 0.607092 0.698029 0.0387613 1
8 4.42041 6.14582 0.161506 8 0.627694 0.679563 0.0323011 1
8 4.47675 6.20682 0.134588 8 0.623079 0.683797 0.0269176 1
8 4.58714 6.32796 0.112157 8 0.613534 0.692373 0.0224313 1
8 4.6059 6.34913 0.0934639 8 0.617457 0.688877 0.0186928 1
8 4.63352 6.37994 0.0778866 8 0.663996 0.644138 0.0155773 1
8 4.68003 6.42506 0.0649055 8 0.470517 0.796504 0.0129811 1
8 4.72925 6.50839 0.0540879 8 0.491599 0.783668 0.0108176 1
8 4.77533 6.58184 0.0450732 8 0.510315 0.771611 0.00901465 1
8 4.77677 6.58402 0.037561 8 0.532536 0.756446 0.00751221 1
8 4.7894 6.60195 0.0313009 8 0.527206 0.76017 0.00626017 1
8 4.79142 6.60488 0.0260841 8 0.552471 0.742011 0.00521681 1
8 4.83449 6.66272 0.0217367 8 -0.149916 0.912869 0.00434734 1
8 4.82889 6.6968 0.0181139 8 -0.284383 0.880302 0.00362279 1
8 4.82851 6.69797 0.0150949 8 -0.252318 0.890023 0.00301899 1
8 4.79296 6.82337 0.0125791 8 -0.718495 0.582726 0.00251582 1
8 4.67073 6.92251 0.0104826 8 -0.679909 0.627318 0.00209652 1
8 4.3956 7.17636 0.0087355 8 -0.688048 0.618381 0.0017471 1
8 4.36034 7.20805 0.00727958 8 -0.724528 0.575208 0.00145592 1
8 4.28116 7.27091 0.00606632 8 -0.684529 0.622274 0.00121326 1
8 4.05036 7.48072 0.00505526 8 -0.702636 0.601754 0.00101105 1
8 3.94485 7.57108 0.00421272 8 -0.643177 0.664927 0.000842544 1
8 3.91377 7.60321 0.0035106 8 -0.61303 0.692819 0.00070212 1
8 3.88276 7.63826 0.0029255 8 -0.570007 0.728627 0.0005851 1
8 3.79498 7.75046 0.00243792 8 -0.551063 0.743058 0.000487583 1
8 3.76441 7.79169 0.0020316 8 -0.175594 0.908279 0.000406319 1
8 3.75806 7.82455 0.001693 8 -0.589531 0.712922 0.0003386 1
8 3.73503 7.8524 0.00141083 8 -0.534963 0.754732 0.000282166 1
8 3.70961 7.88826 0.00117569 8 -0.217206 0.899237 0.000235139 1
8 3.70855 7.89266 0.000979744 8 -0.195199 0.904269 0.000195949 1
8 3.70341 7.91645 0.000816453 8 -0.161437 0.910902 0.000163291 1
8 3.68874 7.99926 0.000680378 8 -0.130429 0.915857 0.000136076 1
8 3.67772 8.0766 0.000566982 8 -0.122439 0.916959 0.000113396 1
8 3.65807 8.22375 0.000472485 8 -0.0418647 0.92415 9.44969e-05 1
8 3.65726 8.24166 0.000393737 8 -0.087933 0.920909 7.87474e-05 1
8 3.65662 8.24843 0.000328114 8 -0.925092 0.00311586 6.56229e-05 1
8 3.62008 8.24855 0.000273429 8 -0.92463 -0.0293958 5.46857e-05 1
8 3.55775 8.24657 0.000227857 8 -0.924834 -0.0220846 4.55714e-05 1
8 3.5251 8.24579 0.000189881 8 -0.906828 -0.182944 3.79762e-05 1
8 3.49079 8.23887 0.000158234 8 -0.908795 -0.172907 3.16468e-05 1
8 3.39971 8.22154 0.000131862 8 -0.913006 -0.149081 2.63724e-05 1
8 3.37624 8.21771 0.000109885 8 -0.90414 -0.195794 2.1977e-05 1
8 3.22201 8.18431 9.15707e-05 8 -0.899859 -0.214614 1.83141e-05 1
9 3.96814 5.94479 1 9 -0.417815 -0.582185 0 1
9 3.96491 5.94029 0.833333 9 -0.383556 -0.605304 0.166667 1
9 3.94789 5.91343 0.694444 9 -0.192617 -0.690223 0.138889 1
9 3.93055 5.85129 0.578704 9 -0.248264 -0.672215 0.115741 1
9 3.9196 5.82162 0.482253 9 -0.274694 -0.661855 0.0964506 1
9 3.88439 5.7368 0.401878 9 -0.240942 -0.674875 0.0803755 1
9 3.88396 5.7356 0.334898 9 -0.220231 -0.681914 0.0669796 1
9 3.86232 5.6686 0.279082 9 -0.222238 -0.681263 0.0558163 1
9 3.84578 5.61788 0.232568 9 -0.199487 -0.688269 0.0465136 1
9 3.78914 5.42248 0.193807 9 -0.134664 -0.703828 0.0387613 1
9 3.77205 5.33315 0.161506 9 -0.123489 -0.705875 0.0323011 1
9 3.7709 5.32657 0.134588 9 -0.140254 -0.702736 0.0269176 1
9 3.76797 5.31188 0.112157 9 -0.122212 -0.706097 0.0224313 1
9 3.76705 5.30658 0.0934639 9 -0.0288618 -0.716014 0.0186928 1
9 3.75934 5.11528 0.0778866 9 -0.00107214 -0.716594 0.0155773 1
9 3.75925 5.05716 0.0649055 9 0.0523329 -0.714682 0.0129811 1
9 3.76898 4.92433 0.0540879 9 -0.0302308 -0.715957 0.0108176 1
9 3.76772 4.89452 0.0450732 9 -0.0494418 -0.714888 0.00901465 1
9 3.76635 4.87466 0.037561 9 -0.0310589 -0.715922 0.00751221 1
9 3.76584 4.86306 0.0313009 9 -0.0786623 -0.712265 0.00626017 1
9 3.75229 4.74035 0.0260841 9 -0.0429676 -0.715306 0.00521681 1
9 3.7514 4.72558 0.0217367 9 -0.0547789 -0.714498 0.00434734 1
9 3.74882 4.69186 0.0181139 9 -0.056527 -0.714362 0.00362279 1
9 3.74675 4.66574 0.0150949 9 -0.0492575 -0.7149 0.00301899 1
9 3.74076 4.57874 0.0125791 9 -0.0184619 -0.716357 0.00251582 1
9 3.74002 4.55023 0.0104826 9 -0.0323497 -0.715865 0.00209652 1
9 3.73404 4.41782 0.0087355 9 -0.0746197 -0.7127 0.0017471 1
9 3.726 4.34105 0.00727958 9 -0.084078 -0.711646 0.00145592 1
9 3.71926 4.28397 0.00606632 9 -0.0804692 -0.712063 0.00121326 1
9 3.71628 4.25758 0.00505526 9 -0.0952964 -0.71023 0.00101105 1
9 3.69782 4.12002 0.00421272 9 0.493161 -0.519904 0.000842544 1
9 3.69916 4.1186 0.0035106 9 0.487489 -0.525227 0.00070212 1
9 3.74858 4.06536 0.0029255 9 0.427742 -0.574931 0.0005851 1
9 3.75722 4.05374 0.00243792 9 0.462064 -0.547728 0.000487583 1
9 3.76652 4.04272 0.0020316 9 0.469624 -0.541259 0.000406319 1
9 3.81282 3.98935 0.001693 9 0.472805 -0.538483 0.0003386 1
9 3.86908 3.92528 0.00141083 9 0.46745 -0.543138 0.000282166 1
9 3.88245 3.90975 0.00117569 9 0.44657 -0.560432 0.000235139 1
9 3.91804 3.86508 0.000979744 9 0.492223 -0.520793 0.000195949 1
9 4.04318 3.73268 0.000816453 9 0.47248 -0.538768 0.000163291 1
9 4.04553 3.73 0.000680378 9 0.485404 -0.527154 0.000136076 1
9 4.06996 3.70347 0.000566982 9 0.540357 -0.470662 0.000113396 1
9 4.07864 3.69591 0.000472485 9 0.537628 -0.473777 9.44969e-05 1
9 4.08684 3.68868 0.000393737 9 0.571188 -0.432727 7.87474e-05 1
9 4.16319 3.63084 0.000328114 9 0.38569 -0.603947 6.56229e-05 1
9 4.17737 3.60863 0.000273429 9 0.379255 -0.608008 5.46857e-05 1
9 4.178 3.60762 0.000227857 9 0.422294 -0.578944 4.55714e-05 1
9 4.22524 3.54286 0.000189881 9 0.47364 -0.537749 3.79762e-05 1
9 4.33268 3.42087 0.000158234 9 0.604471 -0.384868 3.16468e-05 1
9 4.36021 3.40335 0.000131862 9 0.594928 -0.399461 2.63724e-05 1
9 4.3649 3.4002 0.000109885 9 0.505204 -0.50821 2.1977e-05 1
9 4.38348 3.38151 9.15707e-05 9 0.449101 -0.558406 1.83141e-05 1
10 3.9846 6.04929 1 10 -0.285532 -0.714468 0 1
10 3.95891 5.98501 0.833333 10 -0.277702 -0.717548 0.166667 1
10 3.95606 5.97765 0.694444 10 -0.266669 -0.721721 0.138889 1
10 3.89178 5.80366 0.578704 10 -0.282842 -0.715537 0.115741 1
10 3.82698 5.63974 0.482253 10 -0.289419 -0.712902 0.0964506 1
10 3.82679 5.63928 0.401878 10 -0.252818 -0.726689 0.0803755 1
10 3.79958 5.56105 0.334898 10 -0.146093 -0.755414 0.0669796 1
10 3.79111 5.51725 0.279082 10 -0.160542 -0.752476 0.0558163 1
10 3.78001 5.46526 0.232568 10 -0.170223 -0.750345 0.0465136 1
10 3.77897 5.46068 0.193807 10 -0.215768 -0.738537 0.0387613 1
10 3.77559 5.44908 0.161506 10 -0.205124 -0.741564 0.0323011 1
10 3.76812 5.42208 0.134588 10 -0.216485 -0.738328 0.0269176 1
10 3.72375 5.27075 0.112157 10 -0.290242 -0.712568 0.0224313 1
10 3.68472 5.17495 0.0934639 10 -0.362124 -0.678866 0.0186928 1
10 3.67133 5.14984 0.0778866 10 -0.29845 -0.709169 0.0155773 1
10 3.65679 5.1153 0.0649055 10 -0.284658 -0.714817 0.0129811 1
10 3.64815 5.0936 0.0540879 10 -0.338068 -0.691161 0.0108176 1
10 3.64746 5.09218 0.0450732 10 -0.416411 -0.64699 0.00901465 1
10 3.64383 5.08654 0.037561 10 -0.364408 -0.677643 0.00751221 1
10 3.62776 5.05665 0.0313009 10 -0.414203 -0.648405 0.00626017 1
10 3.61824 5.04175 0.0260841 10 -0.31275 -0.70298 0.00521681 1
10 3.58604 4.96938 0.0217367 10 -0.271492 -0.71992 0.00434734 1
10 3.58368 4.96311 0.0181139 10 -0.336419 -0.691965 0.00362279 1
10 3.58091 4.95742 0.0150949 10 -0.288615 -0.713228 0.00301899 1
10 3.5516 4.885 0.0125791 10 -0.298471 -0.70916 0.00251582 1
10 3.54634 4.87249 0.0104826 10 -0.333893 -0.693187 0.00209652 1
10 3.48121 4.73727 0.0087355 10 -0.0700506 -0.766215 0.0017471 1
10 3.47892 4.71225 0.00727958 10 -0.0860288 -0.764586 0.00145592 1
10 3.46843 4.61898 0.00606632 10 -0.00896679 -0.769359 0.00121326 1
10 3.46753 4.54179 0.00505526 10 0.0356693 -0.768584 0.00101105 1
10 3.4682 4.52727 0.00421272 10 0.0237474 -0.769044 0.000842544 1
10 3.46843 4.51992 0.0035106 10 0.0378546 -0.768479 0.00070212 1
10 3.46975 4.4931 0.0029255 10 0.0189744 -0.769177 0.0005851 1
10 3.47083 4.44934 0.00243792 10 0.00108038 -0.76941 0.000487583 1
10 3.47087 4.41834 0.0020316 10 0.0665103 -0.766531 0.000406319 1
10 3.47345 4.38861 0.001693 10 0.0600665 -0.767063 0.0003386 1
10 3.48644 4.2227 0.00141083 10 0.0716818 -0.766065 0.000282166 1
10 3.48827 4.20319 0.00117569 10 0.112435 -0.761151 0.000235139 1
10 3.48997 4.19166 0.000979744 10 0.128109 -0.758671 0.000195949 1
10 3.49349 4.17083 0.000816453 10 -0.0868644 -0.764492 0.000163291 1
10 3.48937 4.13454 0.000680378 10 -0.0577049 -0.767244 0.000136076 1
10 3.48228 4.04025 0.000566982 10 0.315004 -0.701973 0.000113396 1
10 3.50475 3.99017 0.000472485 10 0.353646 -0.683321 9.44969e-05 1
10 3.50813 3.98364 0.000393737 10 0.376859 -0.670798 7.87474e-05 1
10 3.51464 3.97204 0.000328114 10 0.357617 -0.681251 6.56229e-05 1
10 3.54102 3.9218 0.000273429 10 0.366534 -0.676495 5.46857e-05 1
10 3.59587 3.82056 0.000227857 10 0.34533 -0.687561 4.55714e-05 1
10 3.60384 3.80469 0.000189881 10 0.338487 -0.690956 3.79762e-05 1
10 3.63893 3.73307 0.000158234 10 0.340225 -0.690102 3.16468e-05 1
10 3.67299 3.66399 0.000131862 10 0.306127 -0.705889 2.63724e-05 1
10 3.71093 3.57649 0.000109885 10 0.280716 -0.716374 2.1977e-05 1
10 3.72366 3.544 9.15707e-05 10 0.633703 -0.436365 1.83141e-05 1
11 4.01301 5.9929 1 11 -0.0144376 0.985562 0 1
11 4.01155 6.09313 0.833333 11 0.00853778 0.985631 0.166667 1
11 4.0117 6.11107 0.694444 11 -0.0252172 0.985345 0.138889 1
11 4.01101 6.13799 0.578704 11 -0.0501076 0.984394 0.115741 1
11 4.01074 6.14331 0.482253 11 0.0319573 0.98515 0.0964506 1
11 4.01208 6.18463 0.401878 11 0.134461 0.976454 0.0803755 1
11 4.01583 6.21187 0.334898 11 0.112667 0.979208 0.0669796 1
11 4.02209 6.26628 0.279082 11 0.159339 0.972704 0.0558163 1
11 4.05004 6.43687 0.232568 11 0.182907 0.968549 0.0465136 1
11 4.05342 6.45477 0.193807 11 0.0481972 0.984489 0.0387613 1
11 4.05374 6.4613 0.161506 11 -0.0469416 0.98455 0.0323011 1
11 4.05239 6.48963 0.134588 11 -0.0339671 0.985083 0.0269176 1
11 4.05117 6.525 0.112157 11 -0.0492815 0.984435 0.0224313 1
11 4.04829 6.58246 0.0934639 11 -0.206164 0.963866 0.0186928 1
11 4.03667 6.63679 0.0778866 11 -0.213053 0.962367 0.0155773 1
11 4.01024 6.75619 0.0649055 11 -0.182265 0.96867 0.0129811 1
11 3.97604 6.93795 0.0540879 11 -0.162972 0.972102 0.0108176 1
11 3.96537 7.00156 0.0450732 11 -0.141431 0.975469 0.00901465 1
11 3.95854 7.04868 0.037561 11 -0.292466 0.941278 0.00751221 1
11 3.95474 7.06093 0.0313009 11 -0.210149 0.963005 0.00626017 1
11 3.91631 7.237 0.0260841 11 -0.214557 0.962033 0.00521681 1
11 3.91298 7.25195 0.0217367 11 -0.25159 0.953018 0.00434734 1
11 3.90762 7.27226 0.0181139 11 -0.291274 0.941648 0.00362279 1
11 3.88799 7.33573 0.0150949 11 -0.132865 0.976672 0.00301899 1
11 3.85785 7.55728 0.0125791 11 -0.417378 0.892937 0.00251582 1
11 3.67368 7.9513 0.0104826 11 -0.475085 0.863618 0.00209652 1
11 3.62319 8.04307 0.0087355 11 -0.478985 0.861461 0.0017471 1
11 3.61925 8.05015 0.00727958 11 -0.491902 0.854151 0.00145592 1
11 3.5425 8.18343 0.00606632 11 -0.584605 0.793586 0.00121326 1
11 3.49398 8.24929 0.00505526 11 -0.624236 0.762805 0.00101105 1
11 3.44283 8.3118 0.00421272 11 -0.694766 0.699173 0.000842544 1
11 3.2302 8.52577 0.0035106 11 -0.678939 0.714552 0.00070212 1
11 3.16729 8.59199 0.0029255 11 -0.664423 0.728069 0.0005851 1
11 3.16398 8.59561 0.00243792 11 -0.751192 0.638163 0.000487583 1
11 3.02183 8.71637 0.0020316 11 -0.79656 0.580546 0.000406319 1
11 2.9936 8.73694 0.001693 11 -0.811376 0.559652 0.0003386 1
11 2.98858 8.74041 0.00141083 11 -0.84035 0.515125 0.000282166 1
11 2.84542 8.82817 0.00117569 11 -0.827153 0.536059 0.000235139 1
11 2.7442 8.89376 0.000979744 11 -0.834079 0.525219 0.000195949 1
12 3.99983 6.00008 1 12 0.201004 0.798996 0 1
12 4.00561 6.02305 0.833333 12 -0.0285067 0.823398 0.166667 1
12 4.0054 6.02901 0.694444 12 0.227938 0.791733 0.138889 1
12 4.00685 6.03403 0.578704 12 0.283947 0.773416 0.115741 1
12 4.02652 6.08762 0.482253 12 0.290077 0.771137 0.0964506 1
12 4.04335 6.13236 0.401878 12 0.304483 0.765564 0.0803755 1
12 4.05115 6.15197 0.334898 12 0.287793 0.771993 0.0669796 1
12 4.06685 6.19408 0.279082 12 0.370064 0.736105 0.0558163 1
12 4.08966 6.23946 0.232568 12 0.568538 0.59629 0.0465136 1
12 4.11174 6.26261 0.193807 12 0.574567 0.590484 0.0387613 1
12 4.11496 6.26592 0.161506 12 0.540483 0.621833 0.0323011 1
12 4.34994 6.53627 0.134588 12 0.52648 0.633732 0.0269176 1
12 4.3544 6.54163 0.112157 12 0.536672 0.625124 0.0224313 1
12 4.36452 6.55343 0.0934639 12 0.546469 0.616579 0.0186928 1
12 4.39834 6.59158 0.0778866 12 0.527506 0.632878 0.0155773 1
12 4.42528 6.6239 0.0649055 12 0.533454 0.627873 0.0129811 1
12 4.42646 6.6253 0.0540879 12 -0.293976 0.769659 0.0108176 1
12 4.38327 6.73837 0.0450732 12 -0.252885 0.784122 0.00901465 1
12 4.37244 6.77198 0.037561 12 -0.257119 0.782743 0.00751221 1
12 4.36422 6.797 0.0313009 12 -0.823482 0.0259689 0.00626017 1
12 4.28844 6.79939 0.0260841 12 -0.793795 -0.220651 0.00521681 1
12 4.19612 6.77373 0.0217367 12 -0.781173 -0.261852 0.00434734 1
12 4.19594 6.77367 0.0181139 12 -0.770833 -0.290886 0.00362279 1
12 4.07375 6.72756 0.0150949 12 -0.774798 -0.280152 0.00301899 1
12 4.02942 6.71153 0.0125791 12 -0.787988 -0.240568 0.00251582 1
12 4.01483 6.70708 0.0104826 12 -0.779279 -0.267434 0.00209652 1
12 3.99118 6.69896 0.0087355 12 -0.739762 -0.362698 0.0017471 1
12 3.91722 6.6627 0.00727958 12 -0.785649 -0.248098 0.00145592 1
12 3.78418 6.62069 0.00606632 12 -0.823849 -0.00840046 0.00121326 1
12 3.77988 6.62064 0.00505526 12 -0.746383 -0.348869 0.00101105 1
12 3.67562 6.57191 0.00421272 12 -0.750451 -0.34003 0.000842544 1
12 3.57834 6.52783 0.0035106 12 -0.759104 -0.320248 0.00070212 1
12 3.45385 6.47531 0.0029255 12 -0.763158 -0.310463 0.0005851 1
12 3.44435 6.47145 0.00243792 12 -0.77932 -0.267316 0.000487583 1
12 3.43671 6.46883 0.0020316 12 -0.788364 -0.239332 0.000406319 1
12 3.41285 6.46158 0.001693 12 -0.792002 -0.227003 0.0003386 1
12 3.40292 6.45874 0.00141083 12 -0.789866 -0.234327 0.000282166 1
12 3.30485 6.42964 0.00117569 12 -0.763024 -0.310792 0.000235139 1
12 3.21997 6.39507 0.000979744 12 -0.773598 -0.283449 0.000195949 1
12 3.15024 6.36952 0.000816453 12 0.809249 -0.15464 0.000163291 1
12 3.20188 6.35965 0.000680378 12 0.806094 -0.170322 0.000136076 1
12 3.24699 6.35012 0.000566982 12 0.803702 -0.181274 0.000113396 1
12 3.34966 6.32696 0.000472485 12 0.801233 -0.191895 9.44969e-05 1
12 3.44111 6.30506 0.000393737 12 0.782246 -0.258629 7.87474e-05 1
12 3.53282 6.27474 0.000328114 12 0.766498 -0.302123 6.56229e-05 1
12 3.56349 6.26265 0.000273429 12 0.78623 -0.24625 5.46857e-05 1
12 3.56507 6.26215 0.000227857 12 0.797547 -0.206678 4.55714e-05 1
12 3.56556 6.26203 0.000189881 12 0.766699 -0.301612 3.79762e-05 1
12 3.59773 6.24937 0.000158234 12 0.761735 -0.313938 3.16468e-05 1
12 3.62142 6.23961 0.000131862 12 0.775475 -0.278275 2.63724e-05 1
12 3.65948 6.22595 0.000109885 12 0.788292 -0.23957 2.1977e-05 1
12 3.69537 6.21504 9.15707e-05 12 0.82239 0.0497284 1.83141e-05 1
13 3.97837 5.97537 1 13 0.327771 -0.672229 0 1
13 4.01779 5.89452 0.833333 13 0.316902 -0.677421 0.166667 1
13 4.07858 5.76458 0.694444 13 0.35509 -0.658207 0.138889 1
13 4.15008 5.63205 0.578704 13 0.317962 -0.676924 0.115741 1
13 4.19338 5.53985 0.482253 13 0.725116 -0.18312 0.0964506 1
13 4.56622 5.44569 0.401878 13 0.728318 -0.169937 0.0803755 1
13 4.65306 5.42543 0.334898 13 0.733272 -0.147098 0.0669796 1
13 4.76435 5.40311 0.279082 13 0.726106 -0.179153 0.0558163 1
13 4.82607 5.38788 0.232568 13 0.721772 -0.195885 0.0465136 1
13 4.82867 5.38717 0.193807 13 0.718693 -0.206896 0.0387613 1
13 4.85361 5.37999 0.161506 13 0.715385 -0.21806 0.0323011 1
13 4.85868 5.37845 0.134588 13 0.708839 -0.23848 0.0269176 1
13 4.91085 5.36089 0.112157 13 0.706382 -0.245662 0.0224313 1
13 5.06715 5.30654 0.0934639 13 0.725455 -0.181772 0.0186928 1
13 5.12684 5.29158 0.0778866 13 0.722241 -0.194147 0.0155773 1
13 5.13868 5.2884 0.0649055 13 0.715647 -0.217198 0.0129811 1
13 5.16035 5.28182 0.0540879 13 0.743275 -0.0828739 0.0108176 1
13 5.16261 5.28157 0.0450732 13 0.744146 -0.0746516 0.00901465 1
13 5.31699 5.26608 0.037561 13 0.745558 -0.0588994 0.00751221 1
13 5.3381 5.26442 0.0313009 13 0.744965 -0.0659803 0.00626017 1
13 5.43482 5.25585 0.0260841 13 0.746545 -0.0446849 0.00521681 1
13 5.458 5.25446 0.0217367 13 0.745455 -0.0601856 0.00434734 1
13 5.52681 5.24891 0.0181139 13 0.656187 -0.35881 0.00362279 1
13 5.73859 5.1331 0.0150949 13 0.648723 -0.372134 0.00301899 1
13 5.88117 5.05131 0.0125791 13 0.643124 -0.381728 0.00251582 1
13 5.89364 5.04391 0.0104826 13 0.651139 -0.36789 0.00209652 1
13 5.9071 5.0363 0.0087355 13 0.666189 -0.33988 0.0017471 1
13 5.94007 5.01948 0.00727958 13 0.676494 -0.318876 0.00145592 1
13 5.9611 5.00957 0.00606632 13 0.258313 -0.701855 0.00121326 1
13 6.01429 4.86503 0.00505526 13 0.296766 -0.686481 0.00101105 1
13 6.02217 4.84682 0.00421272 13 0.107781 -0.740074 0.000842544 1
13 6.02764 4.80927 0.0035106 13 0.217588 -0.715529 0.00070212 1
13 6.03082 4.7988 0.0029255 13 0.134349 -0.735715 0.0005851 1
13 6.05559 4.66314 0.00243792 13 0.144113 -0.733865 0.000487583 1
13 6.06039 4.63871 0.0020316 13 0.165853 -0.729259 0.000406319 1
13 6.07539 4.57275 0.001693 13 0.200138 -0.720604 0.0003386 1
13 6.07627 4.5696 0.00141083 13 0.217551 -0.71554 0.000282166 1
13 6.09743 4.5 0.00117569 13 0.205734 -0.719026 0.000235139 1
13 6.16419 4.26668 0.000979744 13 0.229659 -0.711746 0.000195949 1
13 6.16842 4.25355 0.000816453 13 0.231607 -0.711115 0.000163291 1
13 6.20324 4.14664 0.000680378 13 0.212075 -0.717182 0.000136076 1
13 6.21198 4.1171 0.000566982 13 0.247829 -0.705625 0.000113396 1
13 6.21602 4.10558 0.000472485 13 0.298897 -0.685555 9.44969e-05 1
13 6.22367 4.08804 0.000393737 13 0.329391 -0.671437 7.87474e-05 1
13 6.26011 4.01376 0.000328114 13 0.306809 -0.682051 6.56229e-05 1
13 6.26893 3.99415 0.000273429 13 0.295655 -0.68696 5.46857e-05 1
13 6.27677 3.97594 0.000227857 13 0.237162 -0.709281 4.55714e-05 1
13 6.28619 3.94776 0.000189881 13 0.179671 -0.725978 3.79762e-05 1
13 6.28737 3.94301 0.000158234 13 0.133634 -0.735845 3.16468e-05 1
13 6.28931 3.93232 0.000131862 13 0.0468516 -0.746412 2.63724e-05 1
13 6.28984 3.92395 0.000109885 13 0.128697 -0.736724 2.1977e-05 1
13 6.29268 3.90769 9.15707e-05 13 0.160316 -0.730496 1.83141e-05 1
14 3.99519 6.02202 1 14 -0.606448 -0.393552 0 1
14 3.94341 5.98842 0.833333 14 -0.598031 -0.406228 0.166667 1
14 3.91667 5.97025 0.694444 14 -0.585595 -0.423959 0.138889 1
14 3.89654 5.95568 0.578704 14 -0.628698 -0.356933 0.115741 1
14 3.88647 5.94996 0.482253 14 -0.634073 -0.347295 0.0964506 1
14 3.71894 5.8582 0.401878 14 -0.593029 -0.413496 0.0803755 1
14 3.65372 5.81272 0.334898 14 -0.612019 -0.384832 0.0669796 1
14 3.64796 5.80911 0.279082 14 -0.610789 -0.386781 0.0558163 1
14 3.61827 5.7903 0.232568 14 -0.614764 -0.38043 0.0465136 1
14 3.36723 5.63495 0.193807 14 -0.616611 -0.377431 0.0387613 1
14 3.33963 5.61806 0.161506 14 -0.657613 -0.300347 0.0323011 1
14 3.1505 5.53168 0.134588 14 -0.645151 -0.326255 0.0269176 1
14 3.12099 5.51675 0.112157 14 -0.649911 -0.316667 0.0224313 1
14 3.1012 5.50711 0.0934639 14 -0.628338 -0.357567 0.0186928 1
14 3.07671 5.49318 0.0778866 14 -0.631949 -0.351145 0.0155773 1
14 3.06175 5.48487 0.0649055 14 -0.620093 -0.371682 0.0129811 1
14 3.02447 5.46252 0.0540879 14 -0.621179 -0.369863 0.0108176 1
14 2.98447 5.4387 0.0450732 14 -0.628737 -0.356865 0.00901465 1
14 2.97676 5.43433 0.037561 14 -0.621531 -0.369272 0.00751221 1
14 2.96724 5.42867 0.0313009 14 -0.618546 0.374251 0.00626017 1
14 2.84997 5.49963 0.0260841 14 -0.603368 0.398258 0.00521681 1
14 2.83201 5.51148 0.0217367 14 -0.616176 0.378139 0.00434734 1
14 2.80572 5.52761 0.0181139 14 -0.608877 0.389783 0.00362279 1
14 2.69816 5.59647 0.0150949 14 -0.606363 0.393683 0.00301899 1
14 2.68396 5.60569 0.0125791 14 -0.594216 0.411788 0.00251582 1
14 2.57643 5.68021 0.0104826 14 -0.587955 0.420679 0.00209652 1
14 2.57207 5.68333 0.0087355 14 -0.55495 0.463349 0.0017471 1
14 2.53907 5.71088 0.00727958 14 -0.562209 0.454514 0.00145592 1
14 2.46996 5.76675 0.00606632 14 -0.546116 0.47373 0.00121326 1
14 2.41678 5.81289 0.00505526 14 -0.535933 0.48522 0.00101105 1
14 2.38579 5.84094 0.00421272 14 -0.517674 0.504655 0.000842544 1
14 2.31802 5.90701 0.0035106 14 -0.517896 0.504426 0.00070212 1
14 2.28337 5.94076 0.0029255 14 -0.545931 0.473943 0.0005851 1
14 2.27732 5.94601 0.00243792 14 -0.538384 0.482499 0.000487583 1
14 2.2576 5.96368 0.0020316 14 -0.485196 0.535955 0.000406319 1
14 2.14046 6.09308 0.001693 14 -0.545593 0.474332 0.0003386 1
14 2.13218 6.10028 0.00141083 14 -0.589978 0.417838 0.000282166 1
14 2.08584 6.13309 0.00117569 14 -0.541886 0.478562 0.000235139 1
14 1.96852 6.2367 0.000979744 14 -0.523242 0.498879 0.000195949 1
14 1.95591 6.24873 0.000816453 14 -0.488147 0.533268 0.000163291 1
14 1.87498 6.33714 0.000680378 14 -0.465401 0.553231 0.000136076 1
14 1.80312 6.42256 0.000566982 14 -0.50396 0.51835 0.000113396 1
14 1.79696 6.42889 0.000472485 14 -0.511215 0.511196 9.44969e-05 1
14 1.71524 6.51061 0.000393737 14 -0.577411 0.435039 7.87474e-05 1
14 1.66649 6.54734 0.000328114 14 -0.565317 0.450643 6.56229e-05 1
14 1.43947 6.72831 0.000273429 14 -0.60708 0.392577 5.46857e-05 1
14 1.38423 6.76403 0.000227857 14 -0.677203 0.253098 4.55714e-05 1
14 1.28136 6.80248 0.000189881 14 -0.670911 0.269335 3.79762e-05 1
14 1.19386 6.8376 0.000158234 14 -0.684236 0.233418 3.16468e-05 1
14 1.05658 6.88444 0.000131862 14 -0.690937 0.212764 2.63724e-05 1
14 0.992097 6.90429 0.000109885 14 -0.685013 0.231128 2.1977e-05 1
14 0.96286 6.91416 9.15707e-05 14 -0.713802 0.114671 1.83141e-05 1
15 3.98831 5.95615 1 15 -0.587559 -0.412441 0 1
15 3.97573 5.94731 0.833333 15 -0.561809 -0.446882 0.166667 1
15 3.9109 5.89574 0.694444 15 -0.539587 -0.473476 0.138889 1
15 3.9023 5.8882 0.578704 15 -0.546095 -0.465955 0.115741 1
15 3.89407 5.88118 0.482253 15 -0.617056 -0.366844 0.0964506 1
15 3.87721 5.87115 0.401878 15 -0.602137 -0.390851 0.0803755 1
15 3.85642 5.85766 0.334898 15 -0.659596 -0.283313 0.0669796 1
15 3.77664 5.82339 0.279082 15 -0.665349 -0.269524 0.0558163 1
15 3.69818 5.79161 0.232568 15 -0.65894 -0.284836 0.0465136 1
15 3.66707 5.77816 0.193807 15 -0.662934 -0.275412 0.0387613 1
15 3.66462 5.77715 0.161506 15 -0.678684 -0.233926 0.0323011 1
15 3.37944 5.67885 0.134588 15 -0.617721 -0.365724 0.0269176 1
15 3.33836 5.65453 0.112157 15 -0.617117 -0.366742 0.0224313 1
15 3.32363 5.64577 0.0934639 15 -0.620302 -0.361329 0.0186928 1
15 3.31983 5.64356 0.0778866 15 -0.622306 -0.357866 0.0155773 1
15 3.25832 5.60819 0.0649055 15 -0.630473 -0.343274 0.0129811 1
15 3.23423 5.59507 0.0540879 15 -0.642421 -0.320357 0.0108176 1
15 3.21842 5.58719 0.0450732 15 -0.619704 -0.362354 0.00901465 1
15 3.14588 5.54477 0.037561 15 -0.630694 -0.342868 0.00751221 1
15 3.10848 5.52444 0.0313009 15 -0.627846 -0.348055 0.00626017 1
15 3.00185 5.46533 0.0260841 15 -0.619918 -0.361988 0.00521681 1
15 2.9835 5.45461 0.0217367 15 -0.556249 -0.453784 0.00434734 1
15 2.92147 5.40401 0.0181139 15 -0.578339 -0.425273 0.00362279 1
15 2.87172 5.36743 0.0150949 15 -0.586311 -0.414213 0.00301899 1
15 2.85637 5.35658 0.0125791 15 -0.585443 -0.41544 0.00251582 1
15 2.82761 5.33618 0.0104826 15 -0.545254 -0.466938 0.00209652 1
15 2.7994 5.31202 0.0087355 15 -0.549466 -0.461974 0.0017471 1
15 2.79105 5.305 0.00727958 15 -0.567925 -0.439084 0.00145592 1
15 2.7585 5.27983 0.00606632 15 -0.56496 -0.442892 0.00121326 1
15 2.7236 5.25247 0.00505526 15 -0.288947 -0.657148 0.00101105 1
15 2.72157 5.24786 0.00421272 15 -0.30916 -0.647884 0.000842544 1
15 2.706 5.21524 0.0035106 15 -0.321824 -0.641687 0.00070212 1
15 2.66698 5.13743 0.0029255 15 -0.31626 -0.644448 0.0005851 1
15 2.62423 5.05031 0.00243792 15 -0.34418 -0.629979 0.000487583 1
15 2.60749 5.01968 0.0020316 15 -0.317149 -0.644011 0.000406319 1
15 2.5855 4.97502 0.001693 15 -0.295145 -0.654387 0.0003386 1
15 2.58488 4.97364 0.00141083 15 -0.223876 -0.682065 0.000282166 1
15 2.56592 4.91588 0.00117569 15 -0.175758 -0.696019 0.000235139 1
15 2.55951 4.89051 0.000979744 15 -0.234398 -0.678521 0.000195949 1
15 2.54512 4.84885 0.000816453 15 -0.24332 -0.675373 0.000163291 1
15 2.53481 4.82023 0.000680378 15 -0.202375 -0.688751 0.000136076 1
15 2.50872 4.73143 0.000566982 15 -0.177187 -0.695657 0.000113396 1
15 2.5085 4.73057 0.000472485 15 -0.149412 -0.702146 9.44969e-05 1
15 2.49831 4.68269 0.000393737 15 -0.101454 -0.710662 7.87474e-05 1
15 2.49485 4.65844 0.000328114 15 -0.0387779 -0.716819 6.56229e-05 1
15 2.48515 4.47923 0.000273429 15 -0.0644772 -0.714966 5.46857e-05 1
15 2.47752 4.3946 0.000227857 15 -0.112006 -0.709075 4.55714e-05 1
15 2.47512 4.37937 0.000189881 15 -0.106891 -0.709865 3.79762e-05 1
15 2.47461 4.37599 0.000158234 15 -0.164375 -0.698795 3.16468e-05 1
15 2.47359 4.37166 0.000131862 15 -0.194824 -0.690925 2.63724e-05 1
15 2.46548 4.34291 0.000109885 15 -0.158919 -0.700056 2.1977e-05 1
15 2.44293 4.24358 9.15707e-05 15 0.0135198 -0.71774 1.83141e-05 1
16 3.94885 6.06788 1 16 0.440641 0.559359 0 1
16 4.00487 6.13899 0.833333 16 0.409948 0.582228 0.166667 1
16 4.0164 6.15537 0.694444 16 0.418241 0.5763 0.138889 1
16 4.04591 6.19603 0.578704 16 0.412919 0.580125 0.115741 1
16 4.06344 6.22066 0.482253 16 0.487646 0.518891 0.0964506 1
16 4.06481 6.22211 0.401878 16 0.501397 0.505616 0.0803755 1
16 4.14802 6.30602 0.334898 16 0.490408 0.516282 0.0669796 1
16 4.25507 6.41872 0.279082 16 0.476375 0.529258 0.0558163 1
16 4.30314 6.47213 0.232568 16 0.494552 0.512314 0.0465136 1
16 4.31453 6.48393 0.193807 16 0.546888 0.456027 0.0387613 1
16 4.3547 6.51743 0.161506 16 0.644692 0.302356 0.0323011 1
16 4.56613 6.61658 0.134588 16 0.650322 0.290048 0.0269176 1
16 4.67209 6.66385 0.112157 16 0.647307 0.296717 0.0224313 1
16 4.77441 6.71075 0.0934639 16 0.642594 0.306789 0.0186928 1
16 4.78427 6.71545 0.0778866 16 0.646939 0.297519 0.0155773 1
16 4.84562 6.74367 0.0649055 16 0.652746 0.284552 0.0129811 1
16 4.89267 6.76418 0.0540879 16 0.657731 0.272831 0.0108176 1
16 4.99722 6.80755 0.0450732 16 0.592039 0.395647 0.00901465 1
16 5.01086 6.81666 0.037561 16 0.598235 0.386215 0.00751221 1
16 5.05325 6.84403 0.0313009 16 0.580235 0.412764 0.00626017 1
16 5.09151 6.87125 0.0260841 16 0.583916 0.407541 0.00521681 1
16 5.13052 6.89848 0.0217367 16 0.563537 0.435285 0.00434734 1
16 5.14384 6.90876 0.0181139 16 0.548553 0.454023 0.00362279 1
16 5.25133 6.99773 0.0150949 16 0.545637 0.457522 0.00301899 1
16 5.29671 7.03578 0.0125791 16 0.551115 0.45091 0.00251582 1
16 5.33471 7.06687 0.0104826 16 0.536926 0.467715 0.00209652 1
16 5.36544 7.09364 0.0087355 16 0.547853 0.454867 0.0017471 1
16 5.39882 7.12136 0.00727958 16 0.537284 0.467303 0.00145592 1
16 5.46197 7.17628 0.00606632 16 0.507193 0.499802 0.00121326 1
16 5.47162 7.18579 0.00505526 16 0.540666 0.463387 0.00101105 1
16 5.53827 7.24291 0.00421272 16 0.554314 0.44697 0.000842544 1
16 5.56312 7.26295 0.0035106 16 0.564329 0.434257 0.00070212 1
16 5.60894 7.29821 0.0029255 16 0.642587 0.306804 0.0005851 1
16 5.61975 7.30337 0.00243792 16 0.640517 0.311103 0.000487583 1
16 5.6761 7.33074 0.0020316 16 0.658069 0.272014 0.000406319 1
16 5.73628 7.35561 0.001693 16 0.65194 0.286393 0.0003386 1
16 5.79051 7.37943 0.00141083 16 0.666532 0.250564 0.000282166 1
16 5.83581 7.39647 0.00117569 16 0.654514 0.280462 0.000235139 1
16 5.84099 7.39869 0.000979744 16 0.643588 0.304698 0.000195949 1
16 5.8467 7.40139 0.000816453 16 0.646151 0.299225 0.000163291 1
16 5.86069 7.40786 0.000680378 16 -0.529467 0.476142 0.000136076 1
16 5.84787 7.41939 0.000566982 16 -0.512438 0.494423 0.000113396 1
16 5.75093 7.51292 0.000472485 16 -0.509692 0.497254 9.44969e-05 1
16 5.73139 7.53199 0.000393737 16 -0.500798 0.50621 7.87474e-05 1
16 5.72662 7.53681 0.000328114 16 -0.544038 0.459423 6.56229e-05 1
16 5.67678 7.57889 0.000273429 16 -0.639108 0.313986 5.46857e-05 1
16 5.53606 7.64803 0.000227857 16 -0.64519 0.301293 4.55714e-05 1
16 5.45677 7.68506 0.000189881 16 -0.652286 0.285604 3.79762e-05 1
16 5.30287 7.75244 0.000158234 16 -0.620563 0.349212 3.16468e-05 1
16 5.22867 7.7942 0.000131862 16 -0.509714 0.497231 2.63724e-05 1
16 5.17097 7.85048 0.000109885 16 -0.503607 0.503416 2.1977e-05 1
16 5.0857 7.93572 9.15707e-05 16 -0.51878 0.487764 1.83141e-05 1
17 4.02333 6.09627 1 17 0.51927 -0.48073 0 1
17 4.0515 6.07019 0.833333 17 0.512542 -0.487897 0.166667 1
17 4.1043 6.01993 0.694444 17 0.500288 -0.500454 0.138889 1
17 4.16663 5.95758 0.578704 17 0.5233 -0.47634 0.115741 1
17 4.16901 5.95541 0.482253 17 0.563959 -0.427426 0.0964506 1
17 4.3039 5.85317 0.401878 17 0.566106 -0.424578 0.0803755 1
17 4.3233 5.83863 0.334898 17 0.562615 -0.429193 0.0669796 1
17 4.35758 5.81247 0.279082 17 0.554613 -0.439485 0.0558163 1
17 4.39114 5.78588 0.232568 17 0.4967 -0.504016 0.0465136 1
17 4.42511 5.75142 0.193807 17 0.48076 -0.519242 0.0387613 1
17 4.47405 5.69855 0.161506 17 0.506312 -0.494359 0.0323011 1
17 4.48929 5.68367 0.134588 17 0.516385 -0.483827 0.0269176 1
17 4.4935 5.67973 0.112157 17 0.472746 -0.526549 0.0224313 1
17 4.51003 5.66132 0.0934639 17 0.448476 -0.547368 0.0186928 1
17 4.51957 5.64968 0.0778866 17 0.416252 -0.572256 0.0155773 1
17 4.54156 5.61944 0.0649055 17 0.37423 -0.600578 0.0129811 1
17 4.5498 5.60621 0.0540879 17 0.452154 -0.544334 0.0108176 1
17 4.56218 5.59132 0.0450732 17 0.463016 -0.535125 0.00901465 1
17 4.57382 5.57787 0.037561 17 0.458932 -0.538632 0.00751221 1
17 4.6391 5.50125 0.0313009 17 0.461955 -0.536042 0.00626017 1
17 4.64397 5.49559 0.0260841 17 -0.0157118 -0.707457 0.00521681 1
17 4.63443 5.06576 0.0217367 17 -0.02694 -0.707119 0.00434734 1
17 4.63382 5.04987 0.0181139 17 -0.064691 -0.704669 0.00362279 1
17 4.62418 4.94481 0.0150949 17 -0.0513879 -0.705763 0.00301899 1
17 4.62362 4.93711 0.0125791 17 -0.0321926 -0.706899 0.00251582 1
17 4.62235 4.90929 0.0104826 17 -0.0133207 -0.707506 0.00209652 1
17 4.62202 4.89168 0.0087355 17 -0.0387753 -0.706569 0.0017471 1
17 4.62027 4.85986 0.00727958 17 -0.0490424 -0.70593 0.00145592 1
17 4.61663 4.80739 0.00606632 17 -0.0796382 -0.703136 0.00121326 1
17 4.61188 4.76547 0.00505526 17 -0.0687681 -0.704282 0.00101105 1
17 4.60883 4.73424 0.00421272 17 -0.03848 -0.706585 0.000842544 1
17 4.60775 4.71437 0.0035106 17 -0.184293 -0.683212 0.00070212 1
17 4.60738 4.71301 0.0029255 17 -0.165773 -0.68794 0.0005851 1
17 4.6034 4.69648 0.00243792 17 -0.100336 -0.700482 0.000487583 1
17 4.59654 4.64859 0.0020316 17 -0.121003 -0.697209 0.000406319 1
17 4.59449 4.63682 0.001693 17 -0.145094 -0.692597 0.0003386 1
17 4.58744 4.60314 0.00141083 17 -0.153011 -0.690891 0.000282166 1
17 4.5585 4.47246 0.00117569 17 -0.143569 -0.692915 0.000235139 1
17 4.55738 4.46708 0.000979744 17 -0.173574 -0.686014 0.000195949 1
17 4.52903 4.35504 0.000816453 17 -0.245633 -0.663632 0.000163291 1
17 4.52248 4.33733 0.000680378 17 0.356728 -0.611136 0.000136076 1
17 4.52507 4.3329 0.000566982 17 0.385252 -0.593569 0.000113396 1
17 4.53688 4.31469 0.000472485 17 0.351182 -0.61434 9.44969e-05 1
17 4.58417 4.23198 0.000393737 17 0.448383 -0.547445 7.87474e-05 1
17 4.59348 4.22061 0.000328114 17 0.58115 0.403742 6.56229e-05 1
17 4.61792 4.23758 0.000273429 17 0.556139 0.437553 5.46857e-05 1
17 4.68242 4.28833 0.000227857 17 0.519332 0.480664 4.55714e-05 1
17 4.75627 4.35668 0.000189881 17 0.511547 0.48894 3.79762e-05 1
17 4.80595 4.40417 0.000158234 17 0.48175 0.518324 3.16468e-05 1
17 4.82269 4.42218 0.000131862 17 0.497382 0.503343 2.63724e-05 1
17 4.90984 4.51037 0.000109885 17 0.523858 0.475726 2.1977e-05 1
17 4.91698 4.51685 9.15707e-05 17 0.524705 0.474792 1.83141e-05 1
18 3.97186 6.03676 1 18 0.447631 -0.552369 0 1
18 4.0213 5.97574 0.833333 18 0.470587 -0.532948 0.166667 1
18 4.07244 5.91784 0.694444 18 0.405539 -0.583972 0.138889 1
18 4.08464 5.90026 0.578704 18 0.426589 -0.568776 0.115741 1
18 4.12023 5.85281 0.482253 18 0.452282 -0.548567 0.0964506 1
18 4.12844 5.84285 0.401878 18 0.39642 -0.5902 0.0803755 1
18 4.12922 5.8417 0.334898 18 0.0563843 -0.708735 0.0669796 1
18 4.13624 5.75338 0.279082 18 0.0263181 -0.710487 0.0558163 1
18 4.14103 5.62427 0.232568 18 0.0795034 -0.706516 0.0465136 1
18 4.14618 5.57845 0.193807 18 -0.116657 -0.701339 0.0387613 1
18 4.11781 5.40789 0.161506 18 -0.709664 0.0431503 0.0323011 1
18 4.04011 5.41262 0.134588 18 -0.710644 0.0216746 0.0269176 1
18 4.03615 5.41274 0.112157 18 -0.710946 0.00634762 0.0224313 1
18 4.02469 5.41284 0.0934639 18 -0.710863 -0.0125864 0.0186928 1
18 3.99838 5.41238 0.0778866 18 -0.710973 -0.0016359 0.0155773 1
18 3.97277 5.41232 0.0649055 18 -0.710913 -0.00935429 0.0129811 1
18 3.96257 5.41218 0.0540879 18 -0.710974 -0.000694263 0.0108176 1
18 3.93684 5.41216 0.0450732 18 -0.710788 -0.0162773 0.00901465 1
18 3.92629 5.41192 0.037561 18 -0.710952 -0.00567542 0.00751221 1
18 3.92367 5.4119 0.0313009 18 -0.68947 -0.173541 0.00626017 1
18 3.81929 5.38562 0.0260841 18 -0.658412 -0.268289 0.00521681 1
18 3.81885 5.38544 0.0217367 18 -0.669819 -0.238385 0.00434734 1
18 3.68524 5.33789 0.0181139 18 -0.679114 -0.210452 0.00362279 1
18 3.65019 5.32703 0.0150949 18 -0.654569 -0.277532 0.00301899 1
18 3.63925 5.32239 0.0125791 18 -0.646592 -0.295642 0.00251582 1
18 3.58739 5.29868 0.0104826 18 -0.658547 -0.267958 0.00209652 1
18 3.51631 5.26976 0.0087355 18 -0.701712 -0.11439 0.0017471 1
18 3.4595 5.2605 0.00727958 18 -0.687804 -0.18003 0.00145592 1
18 3.42614 5.25177 0.00606632 18 -0.684271 -0.193025 0.00121326 1
18 3.37531 5.23743 0.00505526 18 -0.691996 -0.163175 0.00101105 1
18 3.3035 5.22049 0.00421272 18 -0.695401 -0.147993 0.000842544 1
18 3.28883 5.21737 0.0035106 18 -0.694557 -0.151905 0.00070212 1
18 3.24476 5.20773 0.0029255 18 -0.708878 -0.0545653 0.0005851 1
18 3.23543 5.20702 0.00243792 18 -0.710903 -0.0101307 0.000487583 1
18 3.09738 5.20505 0.0020316 18 -0.708523 -0.0589975 0.000406319 1
18 3.01534 5.19822 0.001693 18 -0.700979 -0.118801 0.0003386 1
18 2.94512 5.18632 0.00141083 18 -0.693795 -0.155351 0.000282166 1
18 2.87174 5.16989 0.00117569 18 -0.69042 -0.169719 0.000235139 1
18 2.86636 5.16856 0.000979744 18 -0.691996 -0.163178 0.000195949 1
18 2.85529 5.16595 0.000816453 18 -0.694434 -0.152469 0.000163291 1
18 2.72189 5.13666 0.000680378 18 -0.702689 -0.108226 0.000136076 1
18 2.56579 5.11262 0.000566982 18 -0.70676 -0.0772962 0.000113396 1
18 2.35775 5.08987 0.000472485 18 -0.70355 -0.102482 9.44969e-05 1
18 2.34073 5.08739 0.000393737 18 -0.70478 -0.0936505 7.87474e-05 1
18 2.18117 5.06619 0.000328114 18 -0.69856 -0.132285 6.56229e-05 1
18 2.09021 5.04896 0.000273429 18 -0.703461 -0.103093 5.46857e-05 1
18 2.03732 5.04121 0.000227857 18 -0.704545 -0.0954038 4.55714e-05 1
18 1.98203 5.03372 0.000189881 18 -0.709655 0.0432998 3.79762e-05 1
18 1.96365 5.03485 0.000158234 18 -0.709401 0.0472833 3.16468e-05 1
18 1.93699 5.03662 0.000131862 18 -0.710421 0.0280574 2.63724e-05 1
18 1.87477 5.03908 0.000109885 18 -0.652017 -0.283476 2.1977e-05 1
18 1.86093 5.03307 9.15707e-05 18 -0.657539 -0.270421 1.83141e-05 1
19 4.02766 5.99409 1 19 -0.385469 -0.614531 0 1
19 3.99787 5.9466 0.833333 19 -0.433904 -0.581345 0.166667 1
19 3.97875 5.92099 0.694444 19 -0.508161 -0.517694 0.138889 1
19 3.93655 5.878 0.578704 19 -0.517897 -0.507954 0.115741 1
19 3.84885 5.79198 0.482253 19 -0.503778 -0.521961 0.0964506 1
19 3.84844 5.79155 0.401878 19 -0.425965 -0.587187 0.0803755 1
19 3.82522 5.75955 0.334898 19 -0.351287 0.634691 0.0669796 1
19 3.82316 5.76328 0.279082 19 -0.343242 0.639077 0.0558163 1
19 3.74527 5.90831 0.232568 19 -0.334964 0.643454 0.0465136 1
19 3.70269 5.9901 0.193807 19 -0.340056 0.640778 0.0387613 1
19 3.69586 6.00297 0.161506 19 -0.321069 0.650499 0.0323011 1
19 3.6535 6.08878 0.134588 19 -0.316247 0.652857 0.0269176 1
19 3.5731 6.25476 0.112157 19 -0.367531 0.625425 0.0224313 1
19 3.56542 6.26784 0.0934639 19 -0.377993 0.619158 0.0186928 1
19 3.53863 6.31172 0.0778866 19 -0.332272 0.644849 0.0155773 1
19 3.52378 6.34053 0.0649055 19 -0.336739 0.642527 0.0129811 1
19 3.50489 6.37658 0.0540879 19 -0.324982 0.648553 0.0108176 1
19 3.50188 6.38259 0.0450732 19 -0.329044 0.646502 0.00901465 1
19 3.48138 6.42287 0.037561 19 -0.323904 0.649093 0.00751221 1
19 3.47926 6.42712 0.0313009 19 -0.287355 0.666079 0.00626017 1
19 3.47839 6.42912 0.0260841 19 -0.278943 0.669646 0.00521681 1
19 3.44868 6.50045 0.0217367 19 -0.254885 0.679168 0.00434734 1
19 3.44832 6.5014 0.0181139 19 -0.333247 0.644345 0.00362279 1
19 3.43441 6.5283 0.0150949 19 -0.326745 0.647667 0.00301899 1
19 3.40105 6.59442 0.0125791 19 -0.334918 0.643478 0.00251582 1
19 3.34676 6.69874 0.0104826 19 -0.114245 0.716368 0.00209652 1
19 3.32676 6.82417 0.0087355 19 -0.105423 0.717719 0.0017471 1
19 3.32646 6.82618 0.00727958 19 -0.319877 0.651086 0.00145592 1
19 3.31947 6.8404 0.00606632 19 -0.28788 0.665853 0.00121326 1
19 3.26411 6.96846 0.00505526 19 -0.601238 0.405891 0.00101105 1
19 3.25929 6.97171 0.00421272 19 -0.593913 0.416535 0.000842544 1
19 3.24065 6.98478 0.0035106 19 -0.599549 0.408382 0.00070212 1
19 3.20552 7.00871 0.0029255 19 -0.618665 0.378799 0.0005851 1
19 3.19203 7.01697 0.00243792 19 -0.588872 0.423633 0.000487583 1
19 3.18143 7.02459 0.0020316 19 -0.599658 0.408221 0.000406319 1
19 3.00289 7.14614 0.001693 19 -0.603818 0.402043 0.0003386 1
19 2.89286 7.2194 0.00141083 19 -0.606043 0.398681 0.000282166 1
19 2.86617 7.23696 0.00117569 19 -0.588884 0.423615 0.000235139 1
19 2.84121 7.25491 0.000979744 19 -0.553774 0.468582 0.000195949 1
19 2.70535 7.36988 0.000816453 19 -0.569114 0.449827 0.000163291 1
19 2.6881 7.38351 0.000680378 19 -0.604535 0.400964 0.000136076 1
19 2.47197 7.52686 0.000566982 19 -0.602218 0.404436 0.000113396 1
19 2.43008 7.55499 0.000472485 19 -0.601151 0.406019 9.44969e-05 1
19 2.42105 7.56109 0.000393737 19 -0.584646 0.429446 7.87474e-05 1
19 2.37585 7.59429 0.000328114 19 -0.56206 0.45861 6.56229e-05 1
19 2.30333 7.65346 0.000273429 19 -0.572478 0.445538 5.46857e-05 1
19 2.24008 7.70269 0.000227857 19 -0.578416 0.4378 4.55714e-05 1
19 2.06155 7.83782 0.000189881 19 -0.535467 0.489398 3.79762e-05 1
19 1.97154 7.92008 0.000158234 19 -0.526857 0.498654 3.16468e-05 1
19 1.91842 7.97036 0.000131862 19 -0.515252 0.510637 2.63724e-05 1
19 1.90794 7.98074 0.000109885 19 -0.497044 0.528377 2.1977e-05 1
19 1.84881 8.0436 9.15707e-05 19 -0.646867 0.328326 1.83141e-05 1
20 4.05697 6.06272 1 20 0.184488 -0.815512 0 1
20 4.10399 5.85488 0.833333 20 0.199867 -0.81188 0.166667 1
20 4.10875 5.83555 0.694444 20 0.14929 -0.822683 0.138889 1
20 4.12965 5.72038 0.578704 20 0.119883 -0.82748 0.115741 1
20 4.15357 5.55529 0.482253 20 0.552745 -0.62735 0.0964506 1
20 4.32338 5.36255 0.401878 20 0.533748 -0.64359 0.0803755 1
20 4.32444 5.36127 0.334898 20 0.612827 -0.568804 0.0669796 1
20 4.326 5.35982 0.279082 20 0.618306 -0.562844 0.0558163 1
20 4.45388 5.24342 0.232568 20 0.588407 -0.59403 0.0465136 1
20 4.53418 5.16235 0.193807 20 0.638319 -0.540041 0.0387613 1
20 4.55751 5.14261 0.161506 20 0.593167 -0.589277 0.0323011 1
20 4.67135 5.02952 0.134588 20 0.547715 -0.631747 0.0269176 1
20 4.73869 4.95184 0.112157 20 0.665068 -0.506734 0.0224313 1
20 4.846 4.87009 0.0934639 20 0.652429 -0.522907 0.0186928 1
20 4.89981 4.82695 0.0778866 20 0.662975 -0.50947 0.0155773 1
20 4.94589 4.79155 0.0649055 20 0.740874 -0.387558 0.0129811 1
20 5.05685 4.7335 0.0540879 20 0.71811 -0.428267 0.0108176 1
20 5.20003 4.64811 0.0450732 20 0.616131 -0.565224 0.00901465 1
20 5.32419 4.53421 0.037561 20 0.625183 -0.555196 0.00751221 1
20 5.33202 4.52726 0.0313009 20 0.613463 -0.568119 0.00626017 1
20 5.36145 4.5 0.0260841 20 0.593611 -0.588831 0.00521681 1
20 5.43528 4.42677 0.0217367 20 0.598439 -0.583923 0.00434734 1
20 5.45216 4.41029 0.0181139 20 0.587185 -0.595239 0.00362279 1
20 5.55636 4.30467 0.0150949 20 0.604794 -0.577339 0.00301899 1
20 5.58604 4.27634 0.0125791 20 0.657438 -0.516596 0.00251582 1
20 5.65412 4.22284 0.0104826 20 0.62647 -0.553743 0.00209652 1
20 5.7021 4.18043 0.0087355 20 0.534276 -0.643152 0.0017471 1
20 5.7135 4.1667 0.00727958 20 0.522051 -0.653114 0.00145592 1
20 5.75257 4.11783 0.00606632 20 0.674203 -0.494515 0.00121326 1
20 5.80509 4.0793 0.00505526 20 0.69366 -0.466832 0.00101105 1
20 5.82482 4.06603 0.00421272 20 0.688329 -0.474656 0.000842544 1
20 5.84477 4.05227 0.0035106 20 0.674834 -0.493654 0.00070212 1
20 5.95289 3.97318 0.0029255 20 0.682624 -0.482825 0.0005851 1
20 5.99412 3.94402 0.00243792 20 0.703 -0.452643 0.000487583 1
20 6.12615 3.859 0.0020316 20 0.7082 -0.444464 0.000406319 1
20 6.21715 3.80189 0.001693 20 0.716743 -0.430552 0.0003386 1
20 6.22743 3.79572 0.00141083 20 0.540506 0.637925 0.000282166 1
20 6.26998 3.84593 0.00117569 20 0.481083 0.683853 0.000235139 1
20 6.28398 3.86583 0.000979744 20 0.471358 0.690592 0.000195949 1
20 6.33382 3.93885 0.000816453 20 0.533705 0.643626 0.000163291 1
20 6.35237 3.96123 0.000680378 20 0.543844 0.635082 0.000136076 1
20 6.41462 4.03392 0.000566982 20 0.531347 0.645574 0.000113396 1
20 6.44547 4.0714 0.000472485 20 0.466074 0.694169 9.44969e-05 1
20 6.61225 4.3198 0.000393737 20 0.362605 0.753401 7.87474e-05 1
20 6.6622 4.4236 0.000328114 20 0.341579 0.763164 6.56229e-05 1
20 6.67059 4.44234 0.000273429 20 0.332665 0.767092 5.46857e-05 1
20 6.67463 4.45165 0.000227857 20 0.338228 0.764655 4.55714e-05 1
20 6.69426 4.49602 0.000189881 20 0.245112 0.799385 3.79762e-05 1
20 6.69548 4.5 0.000158234 20 0.267521 0.792167 3.16468e-05 1
20 6.70688 4.53378 0.000131862 20 0.220928 0.806403 2.63724e-05 1
20 6.7204 4.58313 0.000109885 20 0.253657 0.796714 2.1977e-05 1
20 6.75565 4.69382 9.15707e-05 20 0.264436 0.793202 1.83141e-05 1
20 6.7725 4.74437 7.63089e-05 20 0.141221 0.824107 1.52618e-05 1
21 3.9811 6.05171 1 21 -0.713192 0.286808 0 1
21 3.95536 6.06207 0.833333 21 -0.730103 0.240522 0.166667 1
21 3.88341 6.08577 0.694444 21 -0.726348 0.251636 0.138889 1
21 3.87825 6.08755 0.578704 21 -0.701646 0.313998 0.115741 1
21 3.71816 6.1592 0.482253 21 -0.728503 0.245326 0.0964506 1
21 3.5941 6.20098 0.401878 21 -0.731496 0.236254 0.0803755 1
21 3.5903 6.2022 0.334898 21 -0.694956 0.32854 0.0669796 1
21 3.58613 6.20418 0.279082 21 -0.682902 0.352912 0.0558163 1
21 3.57169 6.21164 0.232568 21 -0.675784 0.366357 0.0465136 1
21 3.49531 6.25304 0.193807 21 -0.702747 0.311526 0.0387613 1
21 3.31896 6.33122 0.161506 21 -0.603395 0.476253 0.0323011 1
21 3.25086 6.38497 0.134588 21 -0.598286 0.482655 0.0269176 1
21 3.2281 6.40333 0.112157 21 -0.756354 -0.137223 0.0224313 1
21 3.15389 6.38987 0.0934639 21 -0.732085 -0.234421 0.0186928 1
21 3.13 6.38222 0.0778866 21 -0.744759 -0.190358 0.0155773 1
21 3.06491 6.36558 0.0649055 21 -0.705488 -0.305268 0.0129811 1
21 3.0313 6.35104 0.0540879 21 -0.709883 -0.294902 0.0108176 1
21 3.00477 6.34002 0.0450732 21 -0.712794 -0.287796 0.00901465 1
21 2.94825 6.3172 0.037561 21 -0.718124 -0.274224 0.00751221 1
21 2.93309 6.31141 0.0313009 21 -0.726431 -0.251397 0.00626017 1
21 2.92635 6.30908 0.0260841 21 -0.717509 -0.275831 0.00521681 1
21 2.88929 6.29483 0.0217367 21 -0.732776 -0.232251 0.00434734 1
21 2.86928 6.28849 0.0181139 21 -0.751862 -0.160018 0.00362279 1
21 2.78831 6.27126 0.0150949 21 -0.753015 -0.154501 0.00301899 1
21 2.68676 6.25042 0.0125791 21 -0.749748 -0.169646 0.00251582 1
21 2.56744 6.22342 0.0104826 21 -0.747665 -0.1786 0.00209652 1
21 2.55509 6.22047 0.0087355 21 -0.680528 0.357467 0.0017471 1
21 2.53477 6.23115 0.00727958 21 -0.678691 0.360944 0.00145592 1
21 2.53341 6.23187 0.00606632 21 -0.605308 0.473818 0.00121326 1
21 2.44558 6.30062 0.00505526 21 -0.59331 0.488759 0.00101105 1
21 2.44046 6.30485 0.00421272 21 -0.61816 0.456925 0.000842544 1
21 2.38498 6.34585 0.0035106 21 -0.548223 0.538845 0.00070212 1
21 2.36656 6.36395 0.0029255 21 -0.596591 0.484748 0.0005851 1
21 2.30672 6.41258 0.00243792 21 -0.583391 0.500557 0.000487583 1
21 2.27084 6.44336 0.0020316 21 -0.593993 0.487929 0.000406319 1
21 2.19529 6.50542 0.001693 21 -0.589674 0.493139 0.0003386 1
21 2.11905 6.56918 0.00141083 21 -0.653734 0.404393 0.000282166 1
21 2.10856 6.57567 0.00117569 21 -0.669762 0.377253 0.000235139 1
21 2.04883 6.60932 0.000979744 21 -0.637338 0.42977 0.000195949 1
21 1.95923 6.66973 0.000816453 21 -0.627348 0.444226 0.000163291 1
21 1.94373 6.68071 0.000680378 21 -0.602714 0.477114 0.000136076 1
21 1.93336 6.68892 0.000566982 21 -0.600359 0.480074 0.000113396 1
21 1.8982 6.71703 0.000472485 21 -0.7524 0.157469 9.44969e-05 1
21 1.8928 6.71816 0.000393737 21 -0.757934 0.128211 7.87474e-05 1
21 1.881 6.72016 0.000328114 21 -0.762815 0.0949454 6.56229e-05 1
21 1.87091 6.72142 0.000273429 21 -0.744001 0.193299 5.46857e-05 1
21 1.79499 6.74114 0.000227857 21 -0.753905 0.150099 4.55714e-05 1
21 1.67652 6.76473 0.000189881 21 -0.753412 0.152552 3.79762e-05 1
21 1.66931 6.76619 0.000158234 21 -0.749615 0.170232 3.16468e-05 1
21 1.61862 6.7777 0.000131862 21 -0.742288 0.199777 2.63724e-05 1
21 1.61243 6.77936 0.000109885 21 -0.731038 0.237665 2.1977e-05 1
21 1.54587 6.801 9.15707e-05 21 -0.702861 0.311269 1.83141e-05 1
22 3.98875 5.99508 1 22 0.415398 -0.584602 0 1
22 3.99554 5.98553 0.833333 22 0.404235 -0.592376 0.166667 1
22 4.01011 5.96418 0.694444 22 0.303046 -0.649983 0.138889 1
22 4.02889 5.92391 0.578704 22 0.319937 -0.641837 0.115741 1
22 4.03957 5.90248 0.482253 22 0.381178 -0.607469 0.0964506 1
22 4.06522 5.8616 0.401878 22 0.367037 -0.616116 0.0803755 1
22 4.0706 5.85257 0.334898 22 0.39529 -0.598382 0.0669796 1
22 4.07407 5.84731 0.279082 22 0.409642 -0.58865 0.0558163 1
22 4.07853 5.8409 0.232568 22 0.374518 -0.611597 0.0465136 1
22 4.08937 5.82321 0.193807 22 0.364985 -0.617334 0.0387613 1
22 4.10249 5.80101 0.161506 22 0.376337 -0.610479 0.0323011 1
22 4.12569 5.76338 0.134588 22 0.380381 -0.607968 0.0269176 1
22 4.15407 5.71802 0.112157 22 0.299125 -0.651797 0.0224313 1
22 4.1557 5.71447 0.0934639 22 0.264066 -0.666771 0.0186928 1
22 4.16521 5.69046 0.0778866 22 0.235426 -0.677414 0.0155773 1
22 4.16714 5.68489 0.0649055 22 0.231843 -0.678648 0.0129811 1
22 4.19544 5.60205 0.0540879 22 0.246575 -0.673436 0.0108176 1
22 4.24075 5.4783 0.0450732 22 0.305247 -0.648952 0.00901465 1
22 4.24197 5.47571 0.037561 22 0.314932 -0.644308 0.00751221 1
22 4.27933 5.39929 0.0313009 22 0.468939 -0.542597 0.00626017 1
22 4.36113 5.30464 0.0260841 22 0.528041 -0.485271 0.00521681 1
22 4.37701 5.29004 0.0217367 22 0.544608 -0.466601 0.00434734 1
22 4.39795 5.2721 0.0181139 22 0.716788 -0.0230078 0.00362279 1
22 4.46006 5.2701 0.0150949 22 0.711116 -0.0928952 0.00301899 1
22 4.53162 5.26076 0.0125791 22 0.712998 -0.0771272 0.00251582 1
22 4.54498 5.25931 0.0104826 22 0.71412 -0.065933 0.00209652 1
22 4.62832 5.25162 0.0087355 22 0.709724 0.102986 0.0017471 1
22 4.75563 5.27009 0.00727958 22 0.708342 0.112098 0.00145592 1
22 4.86957 5.28812 0.00606632 22 0.716066 -0.0395433 0.00121326 1
22 4.88917 5.28704 0.00505526 22 0.716728 0.0248141 0.00101105 1
22 4.92551 5.2883 0.00421272 22 0.717152 0.00282479 0.000842544 1
22 5.20561 5.2894 0.0035106 22 0.715878 -0.042823 0.00070212 1
22 5.2268 5.28813 0.0029255 22 0.715748 -0.0449354 0.0005851 1
22 5.2678 5.28556 0.00243792 22 0.71389 -0.0683813 0.000487583 1
22 5.28539 5.28387 0.0020316 22 0.689126 -0.198544 0.000406319 1
22 5.37187 5.25896 0.001693 22 0.692006 -0.188263 0.0003386 1
22 5.4848 5.22824 0.00141083 22 0.689968 -0.195598 0.000282166 1
22 5.4971 5.22475 0.00117569 22 0.687907 -0.202727 0.000235139 1
22 5.50849 5.22139 0.000979744 22 0.687153 -0.205269 0.000195949 1
22 5.5391 5.21225 0.000816453 22 0.695627 -0.174409 0.000163291 1
22 5.58267 5.20133 0.000680378 22 0.698908 0.160757 0.000136076 1
22 5.64329 5.21527 0.000566982 22 0.715927 -0.0419941 0.000113396 1
22 5.67 5.2137 0.000472485 22 0.715367 -0.0506469 9.44969e-05 1
22 5.69857 5.21168 0.000393737 22 0.704705 -0.133064 7.87474e-05 1
22 5.7182 5.20797 0.000328114 22 0.708148 -0.113319 6.56229e-05 1
22 5.73609 5.20511 0.000273429 22 0.712679 -0.0800232 5.46857e-05 1
22 5.78465 5.19966 0.000227857 22 0.708802 -0.109156 4.55714e-05 1
22 5.80073 5.19718 0.000189881 22 0.705755 -0.127377 3.79762e-05 1
22 5.83878 5.19031 0.000158234 22 0.710451 -0.0978514 3.16468e-05 1
22 5.91251 5.18016 0.000131862 22 0.69222 -0.187475 2.63724e-05 1
22 5.96504 5.16593 0.000109885 22 0.684261 -0.214712 2.1977e-05 1
22 6.00003 5.15495 9.15707e-05 22 0.695359 -0.175474 1.83141e-05 1
23 3.96 5.93066 1 23 0.43615 -0.56385 0 1
23 3.98369 5.90004 0.833333 23 0.433055 -0.566231 0.166667 1
23 3.99923 5.87972 0.694444 23 0.440339 -0.560585 0.138889 1
23 4.05958 5.80289 0.578704 23 0.434528 -0.565101 0.115741 1
23 4.08146 5.77443 0.482253 23 0.446947 -0.555331 0.0964506 1
23 4.10817 5.74124 0.401878 23 0.561362 -0.439348 0.0803755 1
23 4.1218 5.73057 0.334898 23 0.55613 -0.445952 0.0669796 1
23 4.20149 5.66667 0.279082 23 0.529788 -0.476947 0.0558163 1
23 4.20343 5.66493 0.232568 23 0.435288 -0.564515 0.0465136 1
23 4.20858 5.65825 0.193807 23 0.461552 -0.543252 0.0387613 1
23 4.21771 5.6475 0.161506 23 0.489277 -0.518423 0.0323011 1
23 4.24291 5.6208 0.134588 23 0.48683 -0.520721 0.0269176 1
23 4.30151 5.55812 0.112157 23 0.505694 -0.502422 0.0224313 1
23 4.38017 5.47996 0.0934639 23 0.513965 -0.493957 0.0186928 1
23 4.44878 5.41403 0.0778866 23 0.508337 -0.499747 0.0155773 1
23 4.50556 5.35821 0.0649055 23 0.516291 -0.491526 0.0129811 1
23 4.5296 5.33533 0.0540879 23 0.501524 -0.506584 0.0108176 1
23 4.56061 5.304 0.0450732 23 0.534502 -0.471658 0.00901465 1
23 4.64278 5.23149 0.037561 23 0.520876 -0.486664 0.00751221 1
23 4.6711 5.20503 0.0313009 23 0.527204 -0.479801 0.00626017 1
23 4.81223 5.07659 0.0260841 23 0.522493 -0.484928 0.00521681 1
23 4.82854 5.06145 0.0217367 23 0.589637 -0.400603 0.00434734 1
23 4.9718 4.96412 0.0181139 23 0.592571 -0.396249 0.00362279 1
23 4.97552 4.96163 0.0150949 23 0.59087 -0.398782 0.00301899 1
23 4.98996 4.95189 0.0125791 23 0.579609 -0.414979 0.00251582 1
23 5.02222 4.92879 0.0104826 23 0.567036 -0.432 0.00209652 1
23 5.05447 4.90422 0.0087355 23 0.467817 -0.537867 0.0017471 1
23 5.13039 4.81693 0.00727958 23 0.45762 -0.546569 0.00145592 1
23 5.16192 4.77928 0.00606632 23 0.591389 -0.39801 0.00121326 1
23 5.21427 4.74405 0.00505526 23 0.590275 -0.399661 0.00101105 1
23 5.2454 4.72297 0.00421272 23 0.584379 -0.408234 0.000842544 1
23 5.24927 4.72026 0.0035106 23 0.591813 -0.397381 0.00070212 1
23 5.39509 4.62235 0.0029255 23 0.620009 -0.351771 0.0005851 1
23 5.4387 4.59761 0.00243792 23 0.60393 -0.378711 0.000487583 1
23 5.47682 4.5737 0.0020316 23 0.596879 -0.38973 0.000406319 1
23 5.47824 4.57277 0.001693 23 0.654583 -0.282268 0.0003386 1
23 5.647 4.5 0.00141083 23 0.660916 -0.267104 0.000282166 1
23 5.73431 4.46471 0.00117569 23 0.631915 -0.329905 0.000235139 1
23 5.75188 4.45554 0.000979744 23 0.65689 -0.276855 0.000195949 1
23 5.80486 4.43321 0.000816453 23 0.664458 -0.258166 0.000163291 1
23 5.80932 4.43148 0.000680378 23 0.666523 -0.252787 0.000136076 1
23 5.83805 4.42059 0.000566982 23 0.672653 -0.235992 0.000113396 1
23 5.84549 4.41797 0.000472485 23 0.655134 -0.280986 9.44969e-05 1
23 5.85521 4.4138 0.000393737 23 0.655493 -0.280149 7.87474e-05 1
23 5.90257 4.39357 0.000328114 23 0.652872 -0.286202 6.56229e-05 1
23 5.98847 4.35591 0.000273429 23 0.644716 -0.30413 5.46857e-05 1
23 6.02141 4.34037 0.000227857 23 0.60901 -0.370487 4.55714e-05 1
23 6.02208 4.33996 0.000189881 23 0.545211 -0.459238 3.79762e-05 1
23 6.05008 4.31638 0.000158234 23 0.532705 -0.473687 3.16468e-05 1
23 6.0549 4.31209 0.000131862 23 0.689246 -0.181915 2.63724e-05 1
23 6.06257 4.31007 0.000109885 23 0.692623 -0.168602 2.1977e-05 1
23 6.12763 4.29423 9.15707e-05 23 0.698572 -0.141953 1.83141e-05 1
23 6.23796 4.27181 7.63089e-05 23 0.693852 -0.163471 1.52618e-05 1
24 4.06536 5.97663 1 24 0.704828 0.295172 0 1
24 4.07503 5.98067 0.833333 24 0.712182 0.276958 0.166667 1
24 4.14052 6.00614 0.694444 24 0.720905 0.253386 0.138889 1
24 4.14231 6.00677 0.578704 24 0.715816 0.267425 0.115741 1
24 4.19676 6.02711 0.482253 24 0.728229 0.231499 0.0964506 1
24 4.21929 6.03428 0.401878 24 0.744946 0.170188 0.0803755 1
24 4.22522 6.03563 0.334898 24 0.747567 0.158281 0.0669796 1
24 4.34709 6.06143 0.279082 24 0.705423 0.293748 0.0558163 1
24 4.3526 6.06373 0.232568 24 0.656768 0.390595 0.0465136 1
24 4.37674 6.07808 0.193807 24 0.729603 0.227132 0.0387613 1
24 4.40024 6.0854 0.161506 24 0.734055 0.212302 0.0323011 1
24 4.53973 6.12574 0.134588 24 0.741118 0.186152 0.0269176 1
24 4.58573 6.1373 0.112157 24 0.749217 0.150275 0.0224313 1
24 4.70062 6.16034 0.0934639 24 0.75032 0.144666 0.0186928 1
24 4.71297 6.16272 0.0778866 24 0.749571 0.148499 0.0155773 1
24 4.72993 6.16608 0.0649055 24 0.736263 0.204512 0.0129811 1
24 4.76269 6.17518 0.0540879 24 0.744475 0.172239 0.0108176 1
24 4.8367 6.19231 0.0450732 24 0.708392 0.286513 0.00901465 1
24 4.85677 6.20042 0.037561 24 0.717766 0.262146 0.00751221 1
24 4.96734 6.2408 0.0313009 24 0.71357 0.273363 0.00626017 1
24 4.97345 6.24315 0.0260841 24 0.723984 0.24445 0.00521681 1
24 5.03035 6.26236 0.0217367 24 0.717521 0.262816 0.00434734 1
24 5.13582 6.30099 0.0181139 24 0.721164 0.252648 0.00362279 1
24 5.19639 6.32221 0.0150949 24 0.735194 0.208322 0.00301899 1
24 5.35185 6.36626 0.0125791 24 0.73224 0.21848 0.00251582 1
24 5.37515 6.37321 0.0104826 24 0.735949 0.205639 0.00209652 1
24 5.53084 6.41672 0.0087355 24 0.724946 0.241584 0.0017471 1
24 5.54643 6.42191 0.00727958 24 0.275395 0.712788 0.00145592 1
24 5.60658 6.5776 0.00606632 24 0.3039 0.701109 0.00121326 1
24 5.63632 6.64619 0.00505526 24 0.306259 0.700082 0.00101105 1
24 5.68753 6.76327 0.00421272 24 0.353428 0.677493 0.000842544 1
24 5.69962 6.78644 0.0035106 24 0.415019 0.641614 0.00070212 1
24 5.73575 6.84229 0.0029255 24 0.412147 0.643463 0.0005851 1
24 5.73601 6.8427 0.00243792 24 0.333671 0.687439 0.000487583 1
24 5.77075 6.91428 0.0020316 24 0.25504 0.720322 0.000406319 1
24 5.7949 6.98248 0.001693 24 0.244937 0.72382 0.0003386 1
24 5.79677 6.988 0.00141083 24 -0.319196 0.694278 0.000282166 1
24 5.65676 7.29253 0.00117569 24 -0.442964 0.622649 0.000235139 1
24 5.62974 7.33051 0.000979744 24 -0.412967 0.642937 0.000195949 1
24 5.57319 7.41855 0.000816453 24 -0.422545 0.636682 0.000163291 1
24 5.53406 7.47751 0.000680378 24 -0.398567 0.651961 0.000136076 1
24 5.52398 7.49399 0.000566982 24 -0.403842 0.648707 0.000113396 1
24 5.50756 7.52037 0.000472485 24 -0.418875 0.639103 9.44969e-05 1
24 5.43498 7.63111 0.000393737 24 -0.414146 0.642178 7.87474e-05 1
24 5.43393 7.63274 0.000328114 24 -0.39894 0.651733 6.56229e-05 1
24 5.38123 7.71883 0.000273429 24 -0.406453 0.647074 5.46857e-05 1
24 5.34179 7.78162 0.000227857 24 -0.458806 0.611069 4.55714e-05 1
24 5.32388 7.80548 0.000189881 24 -0.465844 0.605721 3.79762e-05 1
24 5.28404 7.85728 0.000158234 24 -0.474948 0.59861 3.16468e-05 1
24 5.22521 7.93143 0.000131862 24 -0.465616 0.605897 2.63724e-05 1
24 5.20562 7.95692 0.000109885 24 -0.457567 0.611998 2.1977e-05 1
24 5.17654 7.99581 9.15707e-05 24 -0.45633 0.61292 1.83141e-05 1
25 4.01823 6.02586 1 25 0.36079 -0.63921 0 1
25 4.04894 5.97145 0.833333 25 0.308672 -0.665944 0.166667 1
25 4.1313 5.79375 0.694444 25 0.321697 -0.65975 0.138889 1
25 4.1382 5.77962 0.578704 25 0.454221 -0.576578 0.115741 1
25 4.19988 5.70132 0.482253 25 0.437922 -0.589053 0.0964506 1
25 4.24482 5.64087 0.401878 25 0.414587 -0.605703 0.0803755 1
25 4.25497 5.62604 0.334898 25 0.427858 -0.596403 0.0669796 1
25 4.30619 5.55465 0.279082 25 0.4354 -0.59092 0.0558163 1
25 4.33007 5.52223 0.232568 25 0.405915 -0.611549 0.0465136 1
25 4.33294 5.51792 0.193807 25 0.376621 -0.630013 0.0387613 1
25 4.33546 5.5137 0.161506 25 0.31571 -0.662636 0.0323011 1
25 4.33676 5.51095 0.134588 25 0.317473 -0.661793 0.0269176 1
25 4.38868 5.40272 0.112157 25 0.337688 -0.65171 0.0224313 1
25 4.39155 5.39718 0.0934639 25 0.331723 -0.654766 0.0186928 1
25 4.40711 5.36649 0.0778866 25 0.285487 -0.676207 0.0155773 1
25 4.47682 5.20135 0.0649055 25 0.2775 -0.679524 0.0129811 1
25 4.48129 5.19042 0.0540879 25 0.263065 -0.685242 0.0108176 1
25 4.48237 5.18761 0.0450732 25 0.222046 -0.69961 0.00901465 1
25 4.48968 5.16458 0.037561 25 0.258122 -0.687119 0.00751221 1
25 4.51155 5.10637 0.0313009 25 0.216528 -0.701338 0.00626017 1
25 4.51751 5.08705 0.0260841 25 0.232189 -0.69631 0.00521681 1
25 4.52244 5.07227 0.0217367 25 0.214486 -0.701965 0.00434734 1
25 4.57513 4.89982 0.0181139 25 0.203364 -0.705267 0.00362279 1
25 4.57963 4.88423 0.0150949 25 0.315603 -0.662687 0.00301899 1
25 4.62369 4.79171 0.0125791 25 0.306463 -0.666963 0.00251582 1
25 4.63794 4.7607 0.0104826 25 0.298811 -0.670426 0.00209652 1
25 4.69271 4.63781 0.0087355 25 0.263635 -0.685022 0.0017471 1
25 4.69287 4.63738 0.00727958 25 0.293056 -0.672962 0.00145592 1
25 4.72951 4.55325 0.00606632 25 0.249273 -0.690378 0.00121326 1
25 4.73079 4.54972 0.00505526 25 0.27517 -0.680471 0.00101105 1
25 4.75812 4.48213 0.00421272 25 0.324233 -0.658507 0.000842544 1
25 4.78141 4.43482 0.0035106 25 0.312922 -0.663957 0.00070212 1
25 4.79466 4.40671 0.0029255 25 0.326723 -0.657275 0.0005851 1
25 4.79973 4.39651 0.00243792 25 0.2974 -0.671053 0.000487583 1
25 4.82199 4.34628 0.0020316 25 0.280346 -0.678355 0.000406319 1
25 4.86982 4.23055 0.001693 25 0.306957 -0.666736 0.0003386 1
25 4.88177 4.20459 0.00141083 25 0.280605 -0.678248 0.000282166 1
25 4.88504 4.19668 0.00117569 25 0.275558 -0.680314 0.000235139 1
25 4.89337 4.17612 0.000979744 25 0.212945 -0.702434 0.000195949 1
25 4.89579 4.16815 0.000816453 25 0.220195 -0.700195 0.000163291 1
25 4.90426 4.14121 0.000680378 25 0.298805 -0.670429 0.000136076 1
25 4.91492 4.1173 0.000566982 25 0.179391 -0.711743 0.000113396 1
25 4.95168 3.97143 0.000472485 25 0.158856 -0.716606 9.44969e-05 1
25 4.96957 3.89073 0.000393737 25 0.136657 -0.721168 7.87474e-05 1
25 4.98656 3.80107 0.000328114 25 0.200728 -0.706022 6.56229e-05 1
25 5 3.75381 0.000273429 25 0.118782 -0.724327 5.46857e-05 1
25 5.01279 3.67579 0.000227857 25 0.107989 -0.726015 4.55714e-05 1
25 5.01703 3.64729 0.000189881 25 0.124026 -0.723448 3.79762e-05 1
25 5.05069 3.45099 0.000158234 25 0.00217607 -0.733999 3.16468e-05 1
25 5.05088 3.3857 0.000131862 25 0.0648768 -0.731129 2.63724e-05 1
25 5.05851 3.29977 0.000109885 25 0.0823158 -0.729372 2.1977e-05 1
25 5.07126 3.18678 9.15707e-05 25 0.0485542 -0.732394 1.83141e-05 1
26 3.99768 5.91129 1 26 -0.659514 0.340486 0 1
26 3.9034 5.95996 0.833333 26 -0.655528 0.348098 0.166667 1
26 3.90175 5.96083 0.694444 26 -0.649515 0.359192 0.138889 1
26 3.86831 5.97933 0.578704 26 -0.646051 0.365387 0.115741 1
26 3.85386 5.9875 0.482253 26 -0.631383 0.390185 0.0964506 1
26 3.78885 6.02768 0.401878 26 -0.612177 0.419677 0.0803755 1
26 3.69112 6.09468 0.334898 26 -0.674018 0.310789 0.0669796 1
26 3.67298 6.10304 0.279082 26 -0.665998 0.327622 0.0558163 1
26 3.65183 6.11344 0.232568 26 -0.697632 0.253376 0.0465136 1
26 3.59719 6.13329 0.193807 26 -0.735946 -0.0962948 0.0387613 1
26 3.51829 6.12296 0.161506 26 -0.732603 -0.119092 0.0323011 1
26 3.40996 6.10535 0.134588 26 -0.72546 -0.156833 0.0269176 1
26 3.37806 6.09846 0.112157 26 -0.723371 -0.166205 0.0224313 1
26 3.34819 6.09159 0.0934639 26 -0.72483 -0.159723 0.0186928 1
26 3.30178 6.08137 0.0778866 26 -0.66623 -0.327149 0.0155773 1
26 3.25833 6.06003 0.0649055 26 -0.705711 -0.229917 0.0129811 1
26 3.14953 6.02458 0.0540879 26 -0.720778 -0.17711 0.0108176 1
26 3.1134 6.01571 0.0450732 26 -0.611276 -0.420988 0.00901465 1
26 3.05241 5.9737 0.037561 26 -0.597288 -0.440609 0.00751221 1
26 3.03778 5.96291 0.0313009 26 -0.595178 -0.443455 0.00626017 1
26 2.90238 5.86203 0.0260841 26 -0.423627 -0.60945 0.00521681 1
26 2.89504 5.85146 0.0217367 26 -0.429734 -0.605159 0.00434734 1
26 2.88034 5.83077 0.0181139 26 -0.42294 -0.609927 0.00362279 1
26 2.87042 5.81646 0.0150949 26 -0.446237 -0.593095 0.00301899 1
26 2.86473 5.80889 0.0125791 26 -0.436628 -0.600205 0.00251582 1
26 2.82298 5.7515 0.0104826 26 -0.425445 -0.608183 0.00209652 1
26 2.80953 5.73227 0.0087355 26 -0.39659 -0.62738 0.0017471 1
26 2.77392 5.67594 0.00727958 26 -0.38442 -0.63491 0.00145592 1
26 2.76877 5.66745 0.00606632 26 -0.388222 -0.632592 0.00121326 1
26 2.7095 5.57087 0.00505526 26 -0.449483 -0.590639 0.00101105 1
26 2.70441 5.56418 0.00421272 26 -0.465749 -0.577899 0.000842544 1
26 2.69177 5.5485 0.0035106 26 -0.477796 -0.567979 0.00070212 1
26 2.6318 5.4772 0.0029255 26 -0.494527 -0.553473 0.0005851 1
26 2.60608 5.44841 0.00243792 26 -0.521418 -0.528217 0.000487583 1
26 2.58216 5.42419 0.0020316 26 -0.602509 -0.433442 0.000406319 1
26 2.49341 5.36034 0.001693 26 -0.575014 -0.469306 0.0003386 1
26 2.48809 5.356 0.00141083 26 -0.59446 -0.444417 0.000282166 1
26 2.46511 5.33881 0.00117569 26 -0.578335 -0.465207 0.000235139 1
26 2.45209 5.32834 0.000979744 26 -0.591821 -0.447925 0.000195949 1
26 2.44824 5.32543 0.000816453 26 -0.603274 -0.432377 0.000163291 1
26 2.3641 5.26513 0.000680378 26 -0.61541 -0.414921 0.000136076 1
26 2.33655 5.24655 0.000566982 26 -0.569203 -0.476338 0.000113396 1
26 2.33423 5.24461 0.000472485 26 -0.562379 -0.484376 9.44969e-05 1
26 2.24627 5.16885 0.000393737 26 -0.548011 -0.500573 7.87474e-05 1
26 2.18929 5.1168 0.000328114 26 -0.107039 -0.73446 6.56229e-05 1
26 2.18505 5.08772 0.000273429 26 -0.197744 -0.715393 5.46857e-05 1
26 2.13273 4.89843 0.000227857 26 -0.162273 -0.724263 4.55714e-05 1
26 2.13117 4.89148 0.000189881 26 -0.190092 -0.717464 3.79762e-05 1
26 2.11931 4.84673 0.000158234 26 -0.15764 -0.725285 3.16468e-05 1
26 2.10365 4.77465 0.000131862 26 -0.145232 -0.727872 2.63724e-05 1
26 2.05671 4.53943 0.000109885 26 -0.211135 -0.711556 2.1977e-05 1
26 2.03913 4.48018 9.15707e-05 26 -0.0351725 -0.741385 1.83141e-05 1
27 4.08984 6.03654 1 27 0.117056 0.882944 0 1
27 4.11772 6.24685 0.833333 27 0.176023 0.873102 0.166667 1
27 4.14247 6.36962 0.694444 27 -0.00252995 0.890666 0.138889 1
27 4.14241 6.39061 0.578704 27 0.0226855 0.890381 0.115741 1
27 4.14343 6.43086 0.482253 27 0.515596 0.726259 0.0964506 1
27 4.19544 6.50412 0.401878 27 0.534492 0.712468 0.0803755 1
27 4.37301 6.74081 0.334898 27 0.572141 0.682603 0.0669796 1
27 4.39079 6.76202 0.279082 27 0.644209 0.61505 0.0558163 1
27 4.4104 6.78075 0.232568 27 0.66074 0.597256 0.0465136 1
27 4.44232 6.8096 0.193807 27 0.705683 0.543419 0.0387613 1
27 4.45466 6.81911 0.161506 27 0.734486 0.503808 0.0323011 1
27 4.46205 6.82417 0.134588 27 0.771899 0.444369 0.0269176 1
27 4.50932 6.85138 0.112157 27 0.724799 0.517647 0.0224313 1
27 4.51773 6.85739 0.0934639 27 0.67617 0.579729 0.0186928 1
27 4.53225 6.86984 0.0778866 27 0.704695 0.544699 0.0155773 1
27 4.60663 6.92733 0.0649055 27 0.703199 0.546629 0.0129811 1
27 4.71794 7.01386 0.0540879 27 0.566682 0.687141 0.0108176 1
27 4.80381 7.11798 0.0450732 27 0.663414 0.594285 0.00901465 1
27 4.87961 7.18588 0.037561 27 0.683796 0.570715 0.00751221 1
27 5.09007 7.36154 0.0313009 27 0.701919 0.548272 0.00626017 1
27 5.09492 7.36532 0.0260841 27 0.671962 0.584601 0.00521681 1
27 5.11607 7.38373 0.0217367 27 0.705419 0.543761 0.00434734 1
27 5.16806 7.4238 0.0181139 27 0.717809 0.527297 0.00362279 1
27 5.29132 7.51435 0.0150949 27 0.73451 0.503773 0.00301899 1
27 5.30854 7.52616 0.0125791 27 0.756815 0.469599 0.00251582 1
27 5.36401 7.56058 0.0104826 27 0.743579 0.490288 0.00209652 1
27 5.42913 7.60352 0.0087355 27 0.738505 0.497898 0.0017471 1
27 5.46458 7.62742 0.00727958 27 0.749976 0.480446 0.00145592 1
27 5.49076 7.64419 0.00606632 27 0.699621 0.551201 0.00121326 1
27 5.68804 7.79961 0.00505526 27 0.73266 0.506459 0.00101105 1
27 5.71152 7.81585 0.00421272 27 -0.613166 0.646002 0.000842544 1
27 5.6064 7.9266 0.0035106 27 -0.60463 0.653999 0.00070212 1
27 5.57431 7.96132 0.0029255 27 -0.617769 0.641602 0.0005851 1
27 5.5623 7.97379 0.00243792 27 -0.605354 0.653329 0.000487583 1
27 5.56036 7.97587 0.0020316 27 -0.584385 0.672151 0.000406319 1
27 5.49929 8.04612 0.001693 27 -0.562322 0.690714 0.0003386 1
27 5.38648 8.18469 0.00141083 27 -0.553642 0.697691 0.000282166 1
27 5.38412 8.18766 0.00117569 27 -0.568122 0.685952 0.000235139 1
27 5.31292 8.27363 0.000979744 27 -0.61005 0.648947 0.000195949 1
27 5.07422 8.52755 0.000816453 27 -0.618236 0.641152 0.000163291 1
27 5.04385 8.55905 0.000680378 27 -0.319835 0.831263 0.000136076 1
27 5.03283 8.58769 0.000566982 27 -0.249127 0.855119 0.000113396 1
27 5.00756 8.67443 0.000472485 27 -0.242034 0.857153 9.44969e-05 1
27 4.99809 8.70795 0.000393737 27 -0.213219 0.864771 7.87474e-05 1
27 4.994 8.72453 0.000328114 27 -0.17712 0.872881 6.56229e-05 1
27 4.93324 9.02398 0.000273429 27 -0.164232 0.875397 5.46857e-05 1
27 4.91662 9.11254 0.000227857 27 -0.187752 0.870656 4.55714e-05 1
27 4.91233 9.13248 0.000189881 27 -0.652791 0.605934 3.79762e-05 1
27 4.85007 9.19026 0.000158234 27 -0.361265 0.814113 3.16468e-05 1
27 4.83926 9.21463 0.000131862 27 -0.419805 0.785529 2.63724e-05 1
27 4.83213 9.22797 0.000109885 27 -0.412289 0.7895 2.1977e-05 1
27 4.78464 9.3189 9.15707e-05 27 -0.333967 0.825687 1.83141e-05 1
28 3.97522 5.9312 1 28 0.529887 0.470113 0 1
28 4.02303 5.97361 0.833333 28 0.545477 0.451931 0.166667 1
28 4.1611 6.08801 0.694444 28 0.668357 0.234702 0.138889 1
28 4.20347 6.10289 0.578704 28 0.653318 0.273793 0.115741 1
28 4.21133 6.10618 0.482253 28 0.602579 0.372405 0.0964506 1
28 4.30893 6.1665 0.401878 28 0.62089 0.341002 0.0803755 1
28 4.40189 6.21755 0.334898 28 0.626195 0.331159 0.0669796 1
28 4.40732 6.22043 0.279082 28 0.581818 0.404072 0.0558163 1
28 4.40856 6.22129 0.232568 28 0.603272 0.371281 0.0465136 1
28 4.45935 6.25254 0.193807 28 0.606696 0.36566 0.0387613 1
28 4.48362 6.26717 0.161506 28 0.606227 0.366435 0.0323011 1
28 4.49164 6.27202 0.134588 28 0.612407 0.356012 0.0269176 1
28 4.53249 6.29577 0.112157 28 0.620089 0.342455 0.0224313 1
28 4.55427 6.3078 0.0934639 28 0.642004 0.299361 0.0186928 1
28 4.68477 6.36865 0.0778866 28 0.652166 0.276526 0.0155773 1
28 4.70557 6.37747 0.0649055 28 0.668469 0.234384 0.0129811 1
28 4.78357 6.40481 0.0540879 28 0.665558 0.242526 0.0108176 1
28 4.80012 6.41085 0.0450732 28 0.66794 0.235887 0.00901465 1
28 4.82804 6.42071 0.037561 28 0.659333 0.258973 0.00751221 1
28 4.99149 6.48491 0.0313009 28 0.649469 0.282801 0.00626017 1
28 5.04824 6.50962 0.0260841 28 0.532923 0.466669 0.00521681 1
28 5.06309 6.52262 0.0217367 28 0.538815 0.459853 0.00434734 1
28 5.14315 6.59095 0.0181139 28 0.528675 0.471475 0.00362279 1
28 5.24374 6.68065 0.0150949 28 0.462417 0.536616 0.00301899 1
28 5.35763 6.81282 0.0125791 28 0.451681 0.545684 0.00251582 1
28 5.45004 6.92446 0.0104826 28 0.444217 0.551777 0.00209652 1
28 5.45367 6.92897 0.0087355 28 0.429002 0.563688 0.0017471 1
28 5.51349 7.00757 0.00727958 28 0.607234 0.364764 0.00145592 1
28 5.53592 7.02105 0.00606632 28 0.601311 0.374448 0.00121326 1
28 5.56814 7.04111 0.00505526 28 0.603081 0.371591 0.00101105 1
28 5.58933 7.05416 0.00421272 28 0.546937 0.450163 0.000842544 1
28 5.61414 7.07459 0.0035106 28 0.550823 0.4454 0.00070212 1
28 5.69076 7.13654 0.0029255 28 0.543157 0.454717 0.0005851 1
28 5.80614 7.23314 0.00243792 28 0.548011 0.448854 0.000487583 1
28 5.86224 7.27909 0.0020316 28 0.553886 0.441584 0.000406319 1
28 5.90485 7.31305 0.001693 28 0.626824 0.329967 0.0003386 1
28 5.91648 7.31917 0.00141083 28 0.63473 0.314491 0.000282166 1
28 5.9191 7.32048 0.00117569 28 0.631672 0.320589 0.000235139 1
28 5.95104 7.33669 0.000979744 28 0.613538 0.354058 0.000195949 1
28 5.95935 7.34148 0.000816453 28 0.640281 0.303029 0.000163291 1
28 6.09772 7.40697 0.000680378 28 0.34063 -0.621094 0.000136076 1
28 6.11218 7.3806 0.000566982 28 0.310021 -0.636925 0.000113396 1
28 6.17263 7.2564 0.000472485 28 0.255183 -0.660809 9.44969e-05 1
28 6.23532 7.09406 0.000393737 28 0.365403 -0.60685 7.87474e-05 1
28 6.34263 6.91585 0.000328114 28 0.353971 -0.613589 6.56229e-05 1
28 6.35045 6.90229 0.000273429 28 0.369912 -0.604112 5.46857e-05 1
28 6.36284 6.88206 0.000227857 28 0.36379 -0.607818 4.55714e-05 1
28 6.41838 6.78926 0.000189881 28 0.322172 -0.630866 3.79762e-05 1
28 6.41839 6.78924 0.000158234 28 0.311626 -0.636142 3.16468e-05 1
28 6.42386 6.77808 0.000131862 28 0.30032 -0.641556 2.63724e-05 1
28 6.43881 6.74614 0.000109885 28 0.345373 -0.618469 2.1977e-05 1
28 6.44832 6.72911 9.15707e-05 28 0.322464 -0.630717 1.83141e-05 1
29 4.00483 5.98938 1 29 -0.764586 0.235414 0 1
29 3.98187 5.99645 0.833333 29 -0.755478 0.263182 0.166667 1
29 3.9626 6.00317 0.694444 29 -0.767042 0.227285 0.138889 1
29 3.92301 6.0149 0.578704 29 -0.77038 0.215698 0.115741 1
29 3.83884 6.03846 0.482253 29 -0.765454 0.232577 0.0964506 1
29 3.75171 6.06494 0.401878 29 -0.769835 0.217637 0.0803755 1
29 3.5278 6.12824 0.334898 29 -0.702785 0.382237 0.0669796 1
29 3.48971 6.14895 0.279082 29 -0.729001 0.329499 0.0558163 1
29 3.45353 6.16531 0.232568 29 -0.74295 0.296711 0.0465136 1
29 3.43788 6.17156 0.193807 29 -0.735614 0.314459 0.0387613 1
29 3.39447 6.19011 0.161506 29 -0.727364 0.333096 0.0323011 1
29 3.33656 6.21663 0.134588 29 -0.717601 0.35364 0.0269176 1
29 3.3046 6.23238 0.112157 29 -0.711122 0.366494 0.0224313 1
29 3.28053 6.24479 0.0934639 29 -0.741171 0.301127 0.0186928 1
29 3.25019 6.25711 0.0778866 29 -0.729842 0.327632 0.0155773 1
29 3.19907 6.28007 0.0649055 29 -0.725058 0.338088 0.0129811 1
29 3.15313 6.30149 0.0540879 29 -0.723139 0.342173 0.0108176 1
29 3.12718 6.31377 0.0450732 29 -0.734188 0.317773 0.00901465 1
29 3.08488 6.33207 0.037561 29 -0.745184 0.291055 0.00751221 1
29 3.07398 6.33633 0.0313009 29 -0.741004 0.301538 0.00626017 1
29 3.06777 6.33886 0.0260841 29 -0.728783 0.329981 0.00521681 1
29 3.05517 6.34456 0.0217367 29 -0.71203 0.364727 0.00434734 1
29 3.02478 6.36013 0.0181139 29 -0.701173 0.385185 0.00362279 1
29 2.85884 6.45129 0.0150949 29 -0.701595 0.384416 0.00301899 1
29 2.76482 6.5028 0.0125791 29 -0.695467 0.395394 0.00251582 1
29 2.68067 6.55064 0.0104826 29 -0.725745 0.336609 0.00209652 1
29 2.62268 6.57754 0.0087355 29 -0.732585 0.32145 0.0017471 1
29 2.62123 6.57818 0.00727958 29 -0.793119 0.10476 0.00145592 1
29 2.5882 6.58254 0.00606632 29 -0.767808 0.224683 0.00121326 1
29 2.57624 6.58604 0.00505526 29 -0.762885 0.24087 0.00101105 1
29 2.4641 6.62145 0.00421272 29 -0.756635 0.259837 0.000842544 1
29 2.45772 6.62364 0.0035106 29 -0.763705 0.238256 0.00070212 1
29 2.37358 6.64989 0.0029255 29 -0.768726 0.221522 0.0005851 1
29 2.15815 6.71197 0.00243792 29 -0.761111 0.246419 0.000487583 1
29 2.12073 6.72408 0.0020316 29 -0.748926 0.281285 0.000406319 1
29 2.11867 6.72486 0.001693 29 -0.752107 0.272665 0.0003386 1
29 2.05188 6.74907 0.00141083 29 -0.764738 0.234921 0.000282166 1
29 2.0285 6.75625 0.00117569 29 -0.76883 0.22116 0.000235139 1
29 1.86936 6.80203 0.000979744 29 -0.76769 0.225086 0.000195949 1
29 1.84626 6.8088 0.000816453 29 -0.729859 0.327593 0.000163291 1
29 1.81596 6.8224 0.000680378 29 -0.703602 0.380731 0.000136076 1
29 1.79011 6.83639 0.000566982 29 -0.686945 0.410022 0.000113396 1
29 1.76453 6.85166 0.000472485 29 -0.665088 0.444601 9.44969e-05 1
29 1.66672 6.91705 0.000393737 29 -0.709826 0.368997 7.87474e-05 1
29 1.60954 6.94677 0.000328114 29 -0.665353 0.444204 6.56229e-05 1
29 1.56517 6.97639 0.000273429 29 -0.673482 0.431779 5.46857e-05 1
29 1.549 6.98676 0.000227857 29 -0.674392 0.430358 4.55714e-05 1
29 1.50332 7.01591 0.000189881 29 -0.689019 0.406528 3.79762e-05 1
29 1.23496 7.17424 0.000158234 29 -0.639306 0.480937 3.16468e-05 1
29 1.2146 7.18956 0.000131862 29 -0.62745 0.496305 2.63724e-05 1
29 1.20869 7.19423 0.000109885 29 -0.658271 0.454633 2.1977e-05 1
29 1.16396 7.22513 9.15707e-05 29 -0.653195 0.461895 1.83141e-05 1
30 4.01785 5.93465 1 30 -0.96058 -0.0394199 0 1
30 3.97157 5.93275 0.833333 30 -0.961389 0.000248934 0.166667 1
30 3.89653 5.93277 0.694444 30 -0.961289 -0.0138138 0.138889 1
30 3.86912 5.93238 0.578704 30 -0.957893 0.0819086 0.115741 1
30 3.81276 5.9372 0.482253 30 -0.949215 -0.152511 0.0964506 1
30 3.74783 5.92677 0.401878 30 -0.949808 -0.148773 0.0803755 1
30 3.46849 5.88301 0.334898 30 -0.940805 -0.197871 0.0669796 1
30 3.42172 5.87318 0.279082 30 -0.827694 -0.48907 0.0558163 1
30 3.408 5.86507 0.232568 30 -0.83778 -0.471585 0.0465136 1
30 3.30107 5.80488 0.193807 30 -0.829669 -0.485714 0.0387613 1
30 3.29469 5.80114 0.161506 30 -0.826198 -0.491594 0.0323011 1
30 3.26256 5.78202 0.134588 30 -0.783173 -0.557592 0.0269176 1
30 3.24864 5.77211 0.112157 30 -0.823448 -0.496187 0.0224313 1
30 3.19974 5.74265 0.0934639 30 -0.836142 -0.474483 0.0186928 1
30 3.19777 5.74153 0.0778866 30 -0.35485 -0.893504 0.0155773 1
30 3.1538 5.6308 0.0649055 30 -0.370201 -0.887254 0.0129811 1
30 3.14972 5.62102 0.0540879 30 -0.433337 -0.858188 0.0108176 1
30 3.13812 5.59805 0.0450732 30 -0.373144 -0.88602 0.00901465 1
30 3.08737 5.47755 0.037561 30 -0.407662 -0.870678 0.00751221 1
30 3.08247 5.46709 0.0313009 30 -0.435802 -0.856939 0.00626017 1
30 3.05698 5.41696 0.0260841 30 -0.425581 -0.862061 0.00521681 1
30 3.03093 5.36419 0.0217367 30 -0.443167 -0.853153 0.00434734 1
30 2.99827 5.30132 0.0181139 30 -0.41094 -0.869135 0.00362279 1
30 2.86544 5.02038 0.0150949 30 -0.0976777 -0.956414 0.00301899 1
30 2.79497 4.33039 0.0125791 30 -0.0867051 -0.957471 0.00251582 1
30 2.78557 4.22654 0.0104826 30 -0.0521775 -0.959972 0.00209652 1
30 2.785 4.2161 0.0087355 30 -0.0439591 -0.960383 0.0017471 1
30 2.77267 3.94674 0.00727958 30 -0.413485 -0.867927 0.00145592 1
30 2.74097 3.88021 0.00606632 30 -0.446166 -0.851589 0.00121326 1
30 2.73151 3.86214 0.00505526 30 -0.439999 -0.854792 0.00101105 1
30 2.70798 3.81644 0.00421272 30 -0.405443 -0.871713 0.000842544 1
30 2.68451 3.76596 0.0035106 30 -0.402373 -0.873135 0.00070212 1
30 2.67935 3.75478 0.0029255 30 -0.375653 -0.884959 0.0005851 1
30 2.60791 3.58647 0.00243792 30 -0.345243 -0.89726 0.000487583 1
30 2.57489 3.50067 0.0020316 30 -0.289332 -0.916818 0.000406319 1
30 2.57081 3.48774 0.001693 30 -0.30393 -0.912083 0.0003386 1
30 2.56836 3.48039 0.00141083 30 -0.319031 -0.906911 0.000282166 1
30 2.54951 3.4268 0.00117569 30 -0.286701 -0.917644 0.000235139 1
30 2.54318 3.40653 0.000979744 30 -0.271904 -0.922137 0.000195949 1
30 2.51514 3.31144 0.000816453 30 -0.325664 -0.90455 0.000163291 1
30 2.51419 3.3088 0.000680378 30 -0.344103 -0.897698 0.000136076 1
30 2.43019 3.08967 0.000566982 30 -0.296182 -0.914628 0.000113396 1
30 2.40791 3.02085 0.000472485 30 -0.328597 -0.903489 9.44969e-05 1
30 2.39165 2.97615 0.000393737 30 -0.30449 -0.911896 7.87474e-05 1
30 2.33623 2.81018 0.000328114 30 -0.316439 -0.907818 6.56229e-05 1
30 2.28286 2.65706 0.000273429 30 -0.318652 -0.907044 5.46857e-05 1
30 2.27037 2.62151 0.000227857 30 -0.348296 -0.896079 4.55714e-05 1
30 2.22961 2.51665 0.000189881 30 -0.216462 -0.936703 3.79762e-05 1
30 2.20244 2.39907 0.000158234 30 -0.528232 -0.803268 3.16468e-05 1
30 2.19801 2.39234 0.000131862 30 -0.505362 -0.817849 2.63724e-05 1
30 2.17018 2.34729 0.000109885 30 -0.490737 -0.826707 2.1977e-05 1
30 2.10006 2.22916 9.15707e-05 30 -0.480158 -0.832896 1.83141e-05 1

