1 4.0002 5.90049 1 1 0.855186 0.144814 0 1
1 4.10476 5.9182 0.833333 1 0.1841 0.847598 0.166667 1
1 4.11875 5.9826 0.694444 1 0.199863 0.84402 0.138889 1
1 4.16557 6.18029 0.578704 1 0.00164944 0.867359 0.115741 1
1 4.16558 6.19054 0.482253 1 -0.020911 0.867109 0.0964506 1
1 4.16421 6.24741 0.401878 1 -0.0166131 0.867202 0.0803755 1
1 4.16396 6.26063 0.334898 1 -0.0659444 0.86485 0.0669796 1
1 4.16352 6.26637 0.279082 1 -0.117183 0.859408 0.0558163 1
1 4.143 6.41686 0.232568 1 -0.0968805 0.861933 0.0465136 1
1 4.14068 6.43751 0.193807 1 -0.155593 0.853291 0.0387613 1
1 4.13923 6.44544 0.161506 1 -0.164717 0.851577 0.0323011 1
1 4.12771 6.50504 0.134588 1 -0.177631 0.848977 0.0269176 1
1 4.10622 6.60771 0.112157 1 -0.148901 0.854484 0.0224313 1
1 4.10192 6.63242 0.0934639 1 -0.156476 0.853129 0.0186928 1
1 4.09285 6.68187 0.0778866 1 -0.138812 0.856181 0.0155773 1
1 4.08499 6.73032 0.0649055 1 -0.158053 0.852839 0.0129811 1
1 4.07915 6.76187 0.0540879 1 -0.144002 0.855323 0.0108176 1
1 4.07024 6.81478 0.0450732 1 -0.1615 0.852193 0.00901465 1
1 4.06335 6.85111 0.037561 1 0.311232 0.809598 0.00751221 1
1 4.08542 6.9085 0.0313009 1 0.42892 0.753885 0.00626017 1
1 4.09101 6.91834 0.0260841 1 0.419139 0.759366 0.00521681 1
1 4.09304 6.92202 0.0217367 1 0.373226 0.782954 0.00434734 1
1 4.15968 7.0618 0.0181139 1 0.361629 0.788378 0.00362279 1
1 4.1872 7.1218 0.0150949 1 0.316588 0.807519 0.00301899 1
1 4.2057 7.169 0.0125791 1 0.252451 0.829809 0.00251582 1
1 4.20958 7.18173 0.0104826 1 0.402138 0.768505 0.00209652 1
1 4.21761 7.19709 0.0087355 1 0.387703 0.775887 0.0017471 1
1 4.24058 7.24305 0.00727958 1 0.356527 0.790698 0.00145592 1
1 4.24797 7.25944 0.00606632 1 0.370743 0.784133 0.00121326 1
1 4.25046 7.2647 0.00505526 1 0.381906 0.778757 0.00101105 1
1 4.31317 7.39258 0.00421272 1 0.350295 0.793478 0.000842544 1
1 4.32175 7.41203 0.0035106 1 0.344409 0.796051 0.00070212 1
1 4.38075 7.5484 0.0029255 1 0.219406 0.839152 0.0005851 1
1 4.38796 7.57594 0.00243792 1 0.193347 0.845536 0.000487583 1
1 4.39648 7.61324 0.0020316 1 0.112304 0.86006 0.000406319 1
1 4.41232 7.73454 0.001693 1 0.245262 0.831962 0.0003386 1
1 4.43589 7.81449 0.00141083 1 0.223169 0.838159 0.000282166 1
1 4.4387 7.82505 0.00117569 1 0.289044 0.817782 0.000235139 1
1 4.45216 7.86312 0.000979744 1 0.271048 0.823922 0.000195949 1
1 4.46679 7.90758 0.000816453 1 0.285977 0.81886 0.000163291 1
1 4.48351 7.95548 0.000680378 1 0.264626 0.826007 0.000136076 1
1 4.51059 8.03999 0.000566982 1 0.820709 0.280628 0.000113396 1
1 4.59531 8.06896 0.000472485 1 0.824819 0.268305 9.44969e-05 1
1 4.6515 8.08724 0.000393737 1 0.818317 0.287526 7.87474e-05 1
1 4.95372 8.19343 0.000328114 1 0.80444 0.324332 6.56229e-05 1
1 4.97721 8.2029 0.000273429 1 0.814009 0.299505 5.46857e-05 1
1 5.03115 8.22275 0.000227857 1 0.833576 0.23972 4.55714e-05 1
1 5.04723 8.22737 0.000189881 1 0.818736 0.286332 3.79762e-05 1
1 5.08706 8.2413 0.000158234 1 0.770763 0.397792 3.16468e-05 1
1 5.118 8.25727 0.000131862 1 0.773506 0.392432 2.63724e-05 1
1 5.13816 8.26749 0.000109885 1 0.769359 0.400502 2.1977e-05 1
1 5.20814 8.30393 9.15707e-05 1 0.758936 0.419917 1.83141e-05 1
2 3.97306 6.06168 1 2 0.197211 -0.802789 0 1
2 3.97355 6.05969 0.833333 2 0.201208 -0.801797 0.166667 1
2 4.01631 5.88929 0.694444 2 0.306882 -0.767584 0.138889 1
2 4.02678 5.86309 0.578704 2 0.412649 -0.716298 0.115741 1
2 4.03313 5.85208 0.482253 2 0.447244 -0.695223 0.0964506 1
2 4.05966 5.81083 0.401878 2 0.424655 -0.709247 0.0803755 1
2 4.07049 5.79275 0.334898 2 0.433755 -0.703718 0.0669796 1
2 4.08194 5.77417 0.279082 2 0.392129 -0.727734 0.0558163 1
2 4.10214 5.73669 0.232568 2 0.254994 -0.786346 0.0465136 1
2 4.14289 5.61101 0.193807 2 0.239673 -0.791151 0.0387613 1
2 4.14472 5.60499 0.161506 2 0.255336 -0.786235 0.0323011 1
2 4.27487 5.20422 0.134588 2 0.226163 -0.795118 0.0269176 1
2 4.27791 5.19352 0.112157 2 0.315015 -0.764283 0.0224313 1
2 4.35379 5.00943 0.0934639 2 0.304861 -0.768389 0.0186928 1
2 4.36296 4.98632 0.0778866 2 0.291116 -0.773702 0.0155773 1
2 4.38311 4.93277 0.0649055 2 0.299894 -0.770341 0.0129811 1
2 4.41429 4.85268 0.0540879 2 0.309852 -0.766391 0.0108176 1
2 4.43722 4.79597 0.0450732 2 0.219353 -0.797024 0.00901465 1
2 4.4485 4.75497 0.037561 2 0.342772 -0.752243 0.00751221 1
2 4.45205 4.74717 0.0313009 2 0.366793 -0.740828 0.00626017 1
2 4.47275 4.70537 0.0260841 2 0.44076 -0.699352 0.00521681 1
2 4.50979 4.6466 0.0217367 2 0.446833 -0.695487 0.00434734 1
2 4.52588 4.62156 0.0181139 2 0.525353 -0.638253 0.00362279 1
2 4.52604 4.62136 0.0150949 2 0.514447 -0.647076 0.00301899 1
2 4.54489 4.59765 0.0125791 2 0.428388 -0.706998 0.00251582 1
2 4.55492 4.5811 0.0104826 2 0.416846 -0.713864 0.00209652 1
2 4.58923 4.52233 0.0087355 2 0.396468 -0.72538 0.0017471 1
2 4.63223 4.44367 0.00727958 2 0.413822 -0.715622 0.00145592 1
2 4.63225 4.44363 0.00606632 2 0.415649 -0.714562 0.00121326 1
2 4.65155 4.41045 0.00505526 2 0.378331 -0.735002 0.00101105 1
2 4.67844 4.35822 0.00421272 2 0.355751 -0.746193 0.000842544 1
2 4.76006 4.18702 0.0035106 2 0.349401 -0.749187 0.00070212 1
2 4.83393 4.02862 0.0029255 2 0.328675 -0.758508 0.0005851 1
2 4.9178 3.83507 0.00243792 2 0.338315 -0.754258 0.000487583 1
2 4.92799 3.81234 0.0020316 2 0.196465 -0.802972 0.000406319 1
2 4.93782 3.77216 0.001693 2 0.237826 -0.791708 0.0003386 1
2 4.95732 3.70725 0.00141083 2 0.369217 -0.739623 0.000282166 1
2 4.97977 3.66228 0.00117569 2 0.358338 -0.744954 0.000235139 1
2 4.98158 3.65852 0.000979744 2 0.338408 -0.754217 0.000195949 1
2 4.98676 3.64697 0.000816453 2 0.463799 -0.68429 0.000163291 1
2 5 3.62744 0.000680378 2 0.362263 -0.743053 0.000136076 1
2 5.01412 3.59848 0.000566982 2 0.335821 -0.755372 0.000113396 1
2 5.03546 3.55047 0.000472485 2 0.136742 -0.815269 9.44969e-05 1
2 5.05224 3.45043 0.000393737 2 0.127632 -0.816745 7.87474e-05 1
2 5.07042 3.33409 0.000328114 2 0.123779 -0.817338 6.56229e-05 1
2 5.08417 3.24328 0.000273429 2 0.147674 -0.81336 5.46857e-05 1
2 5.08976 3.21251 0.000227857 2 0.211401 -0.79917 4.55714e-05 1
2 5.0986 3.17911 0.000189881 2 0.20069 -0.801926 3.79762e-05 1
2 5.11569 3.1108 0.000158234 2 0.203377 -0.801249 3.16468e-05 1
2 5.14122 3.01023 0.000131862 2 0.275646 -0.779347 2.63724e-05 1
2 5.19528 2.85738 0.000109885 2 0.345577 -0.750959 2.1977e-05 1
2 5.20053 2.84598 9.15707e-05 2 0.325396 -0.759921 1.83141e-05 1
2 5.2024 2.8416 7.63089e-05 2 0.318666 -0.762767 1.52618e-05 1
3 4.07469 6.05224 1 3 0.182012 -0.817988 0 1
3 4.11268 5.88152 0.833333 3 0.187933 -0.816648 0.166667 1
3 4.1654 5.65243 0.694444 3 0.157823 -0.822997 0.138889 1
3 4.16708 5.64368 0.578704 3 0.0599921 -0.835843 0.115741 1
3 4.16933 5.61227 0.482253 3 -0.0161674 -0.837837 0.0964506 1
3 4.16924 5.60734 0.401878 3 0.00144906 -0.837992 0.0803755 1
3 4.16937 5.53086 0.334898 3 -0.00754877 -0.837959 0.0669796 1
3 4.16876 5.46331 0.279082 3 0.0644404 -0.835512 0.0558163 1
3 4.17548 5.37618 0.232568 3 0.0352551 -0.837251 0.0465136 1
3 4.17578 5.36898 0.193807 3 0.124394 -0.828709 0.0387613 1
3 4.19923 5.21279 0.161506 3 0.0658346 -0.835403 0.0323011 1
3 4.20442 5.14698 0.134588 3 0.0433125 -0.836873 0.0269176 1
3 4.20932 5.05227 0.112157 3 0.0274852 -0.837542 0.0224313 1
3 4.21024 5.02422 0.0934639 3 0.0396378 -0.837055 0.0186928 1
3 4.21193 4.98846 0.0778866 3 -0.0120394 -0.837907 0.0155773 1
3 4.20988 4.84603 0.0649055 3 0.0195829 -0.837764 0.0129811 1
3 4.21278 4.72198 0.0540879 3 -0.017446 -0.837811 0.0108176 1
3 4.20853 4.51779 0.0450732 3 -0.0372581 -0.837164 0.00901465 1
3 4.19865 4.29578 0.037561 3 -0.139966 -0.826222 0.00751221 1
3 4.18202 4.19761 0.0313009 3 -0.0663162 -0.835365 0.00626017 1
3 4.17015 4.04806 0.0260841 3 -0.0151586 -0.837856 0.00521681 1
3 4.1689 3.97898 0.0217367 3 -0.0175509 -0.837809 0.00434734 1
3 4.16886 3.97724 0.0181139 3 -0.0450495 -0.836781 0.00362279 1
3 4.16731 3.94842 0.0150949 3 -0.0677263 -0.835252 0.00301899 1
3 4.15894 3.84517 0.0125791 3 -0.0761917 -0.834522 0.00251582 1
3 4.13531 3.58637 0.0104826 3 -0.104081 -0.831504 0.00209652 1
3 4.12907 3.53653 0.0087355 3 -0.0534642 -0.836286 0.0017471 1
3 4.11669 3.34291 0.00727958 3 -0.0247506 -0.837628 0.00145592 1
3 4.11642 3.33377 0.00606632 3 -0.0519935 -0.836379 0.00121326 1
3 4.10847 3.20585 0.00505526 3 -0.101215 -0.831858 0.00101105 1
3 4.10798 3.20183 0.00421272 3 -0.113294 -0.830299 0.000842544 1
3 4.07271 2.9433 0.0035106 3 0.0106123 -0.837926 0.00070212 1
3 4.07456 2.79681 0.0029255 3 0.0203904 -0.837745 0.0005851 1
3 4.07956 2.5916 0.00243792 3 0.0349637 -0.837263 0.000487583 1
3 4.08022 2.57573 0.0020316 3 0.15477 -0.823577 0.000406319 1
3 4.09731 2.48479 0.001693 3 0.217155 -0.809368 0.0003386 1
3 4.10178 2.46811 0.00141083 3 0.253194 -0.798827 0.000282166 1
3 4.10275 2.46507 0.00117569 3 0.268856 -0.793693 0.000235139 1
3 4.12799 2.39055 0.000979744 3 0.282852 -0.788814 0.000195949 1
3 4.13004 2.38484 0.000816453 3 0.316569 -0.775897 0.000163291 1
3 4.13301 2.37755 0.000680378 3 0.273401 -0.792139 0.000136076 1
3 4.16355 2.28908 0.000566982 3 0.260858 -0.796358 0.000113396 1
3 4.188 2.21442 0.000472485 3 0.225659 -0.807038 9.44969e-05 1
3 4.19704 2.1821 0.000393737 3 0.260485 -0.79648 7.87474e-05 1
3 4.22234 2.10474 0.000328114 3 0.289655 -0.786341 6.56229e-05 1
3 4.23916 2.05909 0.000273429 3 0.322198 -0.773577 5.46857e-05 1
3 4.24123 2.05411 0.000227857 3 0.321034 -0.774061 4.55714e-05 1
3 4.2423 2.05154 0.000189881 3 0.308522 -0.779132 3.79762e-05 1
3 4.27076 1.97967 0.000158234 3 0.300792 -0.782149 3.16468e-05 1
3 4.28346 1.94663 0.000131862 3 0.251747 -0.799285 2.63724e-05 1
3 4.31504 1.84638 0.000109885 3 0.0801951 -0.834147 2.1977e-05 1
3 4.33112 1.67909 9.15707e-05 3 0.0990816 -0.832115 1.83141e-05 1
4 4.03282 6.08022 1 4 0.337778 0.662222 0 1
4 4.06459 6.1425 0.833333 4 0.331453 0.66541 0.166667 1
4 4.08291 6.17927 0.694444 4 0.322532 0.66978 0.138889 1
4 4.10162 6.21814 0.578704 4 0.139809 0.730127 0.115741 1
4 4.11018 6.26285 0.482253 4 0.101814 0.736387 0.0964506 1
4 4.1108 6.2673 0.401878 4 -0.0371096 0.742465 0.0803755 1
4 4.1033 6.41737 0.334898 4 -0.0876833 0.738203 0.0669796 1
4 4.09571 6.48129 0.279082 4 -0.10082 0.736524 0.0558163 1
4 4.09464 6.4891 0.232568 4 -0.0263363 0.742925 0.0465136 1
4 4.09407 6.50501 0.193807 4 -0.0204205 0.743112 0.0387613 1
4 4.09163 6.59386 0.161506 4 -0.14262 0.729583 0.0323011 1
4 4.0728 6.69017 0.134588 4 -0.102272 0.736323 0.0269176 1
4 4.07261 6.69154 0.112157 4 -0.0989628 0.736775 0.0224313 1
4 4.07106 6.70311 0.0934639 4 -0.147272 0.728658 0.0186928 1
4 4.07095 6.70363 0.0778866 4 -0.169421 0.723829 0.0155773 1
4 4.04431 6.81745 0.0649055 4 -0.203537 0.714986 0.0129811 1
4 4.01084 6.93506 0.0540879 4 -0.199037 0.716251 0.0108176 1
4 4.00934 6.94042 0.0450732 4 -0.214466 0.711784 0.00901465 1
4 4.00097 6.96822 0.037561 4 -0.418466 0.614425 0.00751221 1
4 3.99384 6.97868 0.0313009 4 -0.438451 0.600327 0.00626017 1
4 3.96283 7.02114 0.0260841 4 -0.464782 0.58018 0.00521681 1
4 3.93682 7.0536 0.0217367 4 -0.458764 0.58495 0.00434734 1
4 3.90261 7.09724 0.0181139 4 -0.44032 0.598957 0.00362279 1
4 3.89807 7.10341 0.0150949 4 -0.369091 0.645293 0.00301899 1
4 3.8102 7.25702 0.0125791 4 -0.564943 0.483189 0.00251582 1
4 3.78534 7.27829 0.0104826 4 -0.543407 0.507287 0.00209652 1
4 3.74712 7.31396 0.0087355 4 -0.532711 0.518509 0.0017471 1
4 3.73715 7.32368 0.00727958 4 -0.374507 0.642165 0.00145592 1
4 3.7116 7.36748 0.00606632 4 -0.344422 0.658791 0.00121326 1
4 3.68402 7.42023 0.00505526 4 -0.296716 0.681609 0.00101105 1
4 3.62223 7.56217 0.00421272 4 -0.298574 0.680798 0.000842544 1
4 3.56387 7.69524 0.0035106 4 -0.317037 0.672398 0.00070212 1
4 3.50175 7.82698 0.0029255 4 -0.311933 0.674781 0.0005851 1
4 3.47542 7.88396 0.00243792 4 -0.292434 0.683457 0.000487583 1
4 3.47445 7.88622 0.0020316 4 -0.28099 0.688241 0.000406319 1
4 3.411 8.04163 0.001693 4 -0.273898 0.691094 0.0003386 1
4 3.37811 8.12462 0.00141083 4 -0.299524 0.68038 0.000282166 1
4 3.3331 8.22685 0.00117569 4 -0.256305 0.697811 0.000235139 1
4 3.23327 8.49867 0.000979744 4 0.245074 0.701834 0.000195949 1
4 3.24942 8.54492 0.000816453 4 0.237205 0.704532 0.000163291 1
4 3.27078 8.60838 0.000680378 4 0.240619 0.703374 0.000136076 1
4 3.28589 8.65254 0.000566982 4 0.224916 0.708551 0.000113396 1
4 3.3074 8.7203 0.000472485 4 0.21685 0.711061 9.44969e-05 1
4 3.35386 8.87266 0.000393737 4 0.249884 0.700136 7.87474e-05 1
4 3.36224 8.89612 0.000328114 4 0.256323 0.697804 6.56229e-05 1
4 3.36281 8.89768 0.000273429 4 -0.735886 -0.105371 5.46857e-05 1
4 3.34231 8.89474 0.000227857 4 -0.739302 -0.0778774 4.55714e-05 1
4 3.33224 8.89368 0.000189881 4 -0.657871 0.346175 3.79762e-05 1
4 3.25347 8.93513 0.000158234 4 -0.736034 0.104335 3.16468e-05 1
4 3.24661 8.93611 0.000131862 4 -0.739172 0.0791004 2.63724e-05 1
4 3.21482 8.93951 0.000109885 4 -0.740092 0.0699684 2.1977e-05 1
4 3.21183 8.93979 9.15707e-05 4 -0.743351 0.0078399 1.83141e-05 1
5 4.00912 5.9989 1 5 0.279734 0.720266 0 1
5 4.0105 6.00245 0.833333 5 0.313937 0.706029 0.166667 1
5 4.03084 6.0482 0.694444 5 0.310546 0.707528 0.138889 1
5 4.09013 6.18327 0.578704 5 0.332815 0.697329 0.115741 1
5 4.13242 6.27187 0.482253 5 0.320994 0.702849 0.0964506 1
5 4.13809 6.2843 0.401878 5 0.308182 0.70856 0.0803755 1
5 4.16165 6.33848 0.334898 5 0.331472 0.697969 0.0669796 1
5 4.2439 6.51167 0.279082 5 0.305244 0.709831 0.0558163 1
5 4.24661 6.51796 0.232568 5 0.604965 0.480678 0.0465136 1
5 4.29063 6.55294 0.193807 5 0.70436 0.317666 0.0387613 1
5 4.48387 6.64009 0.161506 5 0.695392 0.336845 0.0323011 1
5 4.55957 6.67676 0.134588 5 0.651835 0.414903 0.0269176 1
5 4.57102 6.68405 0.112157 5 0.662057 0.39839 0.0224313 1
5 4.65953 6.73731 0.0934639 5 0.663096 0.396658 0.0186928 1
5 4.66144 6.73845 0.0778866 5 0.659792 0.402129 0.0155773 1
5 4.66537 6.74085 0.0649055 5 0.658203 0.404725 0.0129811 1
5 4.6743 6.74634 0.0540879 5 0.637863 0.436079 0.0108176 1
5 4.68574 6.75416 0.0450732 5 0.611512 0.47232 0.00901465 1
5 4.69577 6.76191 0.037561 5 0.618395 0.463273 0.00751221 1
5 4.71676 6.77763 0.0313009 5 0.635358 0.43972 0.00626017 1
5 4.73277 6.78871 0.0260841 5 0.623731 0.456063 0.00521681 1
5 4.82426 6.8556 0.0217367 5 0.60847 0.476233 0.00434734 1
5 4.85025 6.87595 0.0181139 5 0.599977 0.48689 0.00362279 1
5 4.87816 6.8986 0.0150949 5 0.611078 0.472883 0.00301899 1
5 5.08431 7.05813 0.0125791 5 0.60781 0.477075 0.00251582 1
5 5.21711 7.16236 0.0104826 5 0.653814 0.411778 0.00209652 1
5 5.32871 7.23265 0.0087355 5 0.621308 0.459358 0.0017471 1
5 5.3636 7.25845 0.00727958 5 0.772125 -0.0292596 0.00145592 1
5 5.44868 7.25522 0.00606632 5 0.767558 -0.0888191 0.00121326 1
5 5.47699 7.25195 0.00505526 5 0.763942 -0.115871 0.00101105 1
5 5.68256 7.22077 0.00421272 5 0.759179 -0.143809 0.000842544 1
5 5.69678 7.21807 0.0035106 5 0.757019 -0.15478 0.00070212 1
5 5.75777 7.2056 0.0029255 5 0.767859 -0.0861745 0.0005851 1
5 5.83321 7.19714 0.00243792 5 0.766205 -0.0998146 0.000487583 1
5 5.88741 7.19008 0.0020316 5 0.772646 0.00715566 0.000406319 1
5 5.90293 7.19022 0.001693 5 0.769986 0.0644622 0.0003386 1
5 5.97885 7.19658 0.00141083 5 0.42205 0.647231 0.000282166 1
5 5.99341 7.2189 0.00117569 5 0.229887 0.737689 0.000235139 1
5 6.00441 7.25419 0.000979744 5 0.201431 0.745962 0.000195949 1
5 6.01056 7.27696 0.000816453 5 0.177657 0.751979 0.000163291 1
5 6.03889 7.3969 0.000680378 5 0.11813 0.763596 0.000136076 1
5 6.05006 7.46907 0.000566982 5 0.100635 0.766098 0.000113396 1
5 6.06086 7.55128 0.000472485 5 0.0896906 0.767456 9.44969e-05 1
5 6.07832 7.70073 0.000393737 5 0.0843928 0.768057 7.87474e-05 1
5 6.08008 7.71673 0.000328114 5 0.0724363 0.769277 6.56229e-05 1
5 6.08237 7.74101 0.000273429 5 0.0968174 0.76659 5.46857e-05 1
5 6.08354 7.75034 0.000227857 5 0.115682 0.763971 4.55714e-05 1
5 6.08562 7.76407 0.000189881 5 -0.0351622 0.771879 3.79762e-05 1
5 6.08507 7.77627 0.000158234 5 -0.0123401 0.772581 3.16468e-05 1
5 6.08433 7.82237 0.000131862 5 0.314419 0.705815 2.63724e-05 1
5 6.08835 7.83138 0.000109885 5 0.304971 0.709948 2.1977e-05 1
5 6.16905 8.01925 9.15707e-05 5 0.316308 0.70497 1.83141e-05 1
6 3.97297 6.00775 1 6 -0.886234 0.113766 0 1
6 3.9133 6.01541 0.833333 6 -0.888286 0.096449 0.166667 1
6 3.88438 6.01855 0.694444 6 -0.891687 0.0569929 0.138889 1
6 3.85431 6.02048 0.578704 6 -0.885141 0.121977 0.115741 1
6 3.83666 6.02291 0.482253 6 -0.887152 0.106369 0.0964506 1
6 3.79093 6.02839 0.401878 6 -0.891468 0.0603279 0.0803755 1
6 3.76206 6.03034 0.334898 6 -0.892115 0.0498533 0.0669796 1
6 3.75788 6.03058 0.279082 6 -0.893378 0.0151322 0.0558163 1
6 3.66559 6.03214 0.232568 6 -0.888221 -0.0970414 0.0465136 1
6 3.59658 6.0246 0.193807 6 -0.889751 0.0818402 0.0387613 1
6 3.48472 6.03489 0.161506 6 -0.888969 0.089935 0.0323011 1
6 3.45712 6.03768 0.134588 6 -0.881743 0.144507 0.0269176 1
6 3.22006 6.07653 0.112157 6 -0.872505 0.192584 0.0224313 1
6 3.05794 6.11232 0.0934639 6 -0.873681 0.187176 0.0186928 1
6 3.04343 6.11543 0.0778866 6 -0.886702 0.110062 0.0155773 1
6 2.87142 6.13678 0.0649055 6 -0.887247 0.105577 0.0129811 1
6 2.7079 6.15623 0.0540879 6 -0.888868 0.0909271 0.0108176 1
6 2.67907 6.15918 0.0450732 6 -0.885849 0.116724 0.00901465 1
6 2.52339 6.1797 0.037561 6 -0.887731 0.101425 0.00751221 1
6 2.50843 6.18141 0.0313009 6 -0.890215 0.0766275 0.00626017 1
6 2.50561 6.18165 0.0260841 6 -0.889277 0.0868361 0.00521681 1
6 2.27266 6.2044 0.0217367 6 -0.886105 0.114771 0.00434734 1
6 2.16722 6.21805 0.0181139 6 -0.882663 0.13878 0.00362279 1
6 2.15877 6.21938 0.0150949 6 -0.793081 0.411554 0.00301899 1
6 2.1207 6.23914 0.0125791 6 -0.859302 0.244854 0.00251582 1
6 2.07984 6.25078 0.0104826 6 -0.842744 0.296879 0.00209652 1
6 2.05441 6.25974 0.0087355 6 -0.888041 -0.09868 0.0017471 1
6 1.94075 6.24711 0.00727958 6 -0.819954 0.355007 0.00145592 1
6 1.87988 6.27346 0.00606632 6 -0.861994 0.235202 0.00121326 1
6 1.85217 6.28102 0.00505526 6 -0.858452 0.247819 0.00101105 1
6 1.83904 6.28482 0.00421272 6 -0.840975 0.301854 0.000842544 1
6 1.69138 6.33782 0.0035106 6 -0.77654 0.441973 0.00070212 1
6 1.66344 6.35372 0.0029255 6 -0.761437 0.467512 0.0005851 1
6 1.63357 6.37205 0.00243792 6 -0.768459 0.455879 0.000487583 1
6 1.57233 6.40839 0.0020316 6 -0.761268 0.467787 0.000406319 1
6 1.48002 6.46511 0.001693 6 -0.74903 0.487143 0.0003386 1
6 1.40128 6.51632 0.00141083 6 -0.784128 0.428366 0.000282166 1
6 1.36169 6.53795 0.00117569 6 -0.759843 0.470098 0.000235139 1
6 1.25255 6.60547 0.000979744 6 -0.746095 0.491626 0.000195949 1
6 1.17404 6.6572 0.000816453 6 -0.723157 0.524784 0.000163291 1
6 0.900458 6.85574 0.000680378 6 -0.742119 0.497608 0.000136076 1
7 3.98452 6.00476 1 7 0.874827 -0.125173 0 1
7 4.04334 5.99635 0.833333 7 0.875375 -0.121282 0.166667 1
7 4.11716 5.98612 0.694444 7 0.26115 0.844269 0.138889 1
7 4.15151 6.09717 0.578704 7 0.225782 0.854408 0.115741 1
7 4.15304 6.10299 0.482253 7 0.11707 0.875948 0.0964506 1
7 4.15858 6.14439 0.401878 7 0.12891 0.874284 0.0803755 1
7 4.16022 6.15556 0.334898 7 0.137923 0.872907 0.0669796 1
7 4.16404 6.17974 0.279082 7 0.139197 0.872705 0.0558163 1
7 4.17958 6.27714 0.232568 7 0.240448 0.850397 0.0465136 1
7 4.21663 6.40819 0.193807 7 0.233209 0.85241 0.0387613 1
7 4.21807 6.41343 0.161506 7 0.883736 0.000684899 0.0323011 1
7 4.31809 6.4135 0.134588 7 0.883664 -0.0112706 0.0269176 1
7 4.3321 6.41332 0.112157 7 0.883722 -0.00505919 0.0224313 1
7 4.43767 6.41272 0.0934639 7 0.88318 -0.0313534 0.0186928 1
7 4.46433 6.41177 0.0778866 7 0.879687 -0.0844988 0.0155773 1
7 4.50214 6.40814 0.0649055 7 0.820028 -0.32946 0.0129811 1
7 4.65049 6.34854 0.0540879 7 0.830574 -0.301889 0.0108176 1
7 4.68121 6.33737 0.0450732 7 0.801151 -0.373024 0.00901465 1
7 4.71243 6.32284 0.037561 7 0.791479 -0.393129 0.00751221 1
7 4.76327 6.29759 0.0313009 7 0.794421 -0.387151 0.00626017 1
7 4.78638 6.28632 0.0260841 7 0.80124 -0.372832 0.00521681 1
7 4.81522 6.27291 0.0217367 7 0.760792 -0.44965 0.00434734 1
7 4.81986 6.27016 0.0181139 7 0.765159 -0.442177 0.00362279 1
7 4.86506 6.24404 0.0150949 7 0.780845 -0.41385 0.00301899 1
7 4.87581 6.23835 0.0125791 7 0.797007 -0.381798 0.00251582 1
7 4.88212 6.23532 0.0104826 7 0.803294 -0.368387 0.00209652 1
7 4.90454 6.22504 0.0087355 7 0.873962 0.131072 0.0017471 1
7 5.06675 6.24936 0.00727958 7 0.872339 0.141475 0.00145592 1
7 5.08636 6.25255 0.00606632 7 0.883352 0.0260585 0.00121326 1
7 5.12506 6.25369 0.00505526 7 0.882788 0.0409265 0.00101105 1
7 5.26097 6.25999 0.00421272 7 0.88343 0.0232696 0.000842544 1
7 5.26318 6.26005 0.0035106 7 0.883374 0.0252897 0.00070212 1
7 5.32253 6.26175 0.0029255 7 0.877416 0.105502 0.0005851 1
7 5.34804 6.26481 0.00243792 7 0.872277 0.141855 0.000487583 1
7 5.44867 6.28118 0.0020316 7 0.839424 0.276329 0.000406319 1
7 5.51228 6.30212 0.001693 7 0.833296 0.294292 0.0003386 1
7 5.62395 6.34156 0.00141083 7 0.860164 0.202749 0.000282166 1
7 5.72313 6.36494 0.00117569 7 0.873106 0.13666 0.000235139 1
7 5.77173 6.37254 0.000979744 7 0.880353 0.0772597 0.000195949 1
7 5.80571 6.37552 0.000816453 7 0.881016 0.0692845 0.000163291 1
7 5.8277 6.37725 0.000680378 7 0.882539 0.0459958 0.000136076 1
7 5.85134 6.37849 0.000566982 7 0.883671 0.0107299 0.000113396 1
7 5.85148 6.37849 0.000472485 7 0.880966 0.0699258 9.44969e-05 1
7 5.88622 6.38124 0.000393737 7 0.882066 0.0543167 7.87474e-05 1
7 5.96636 6.38618 0.000328114 7 0.88158 0.0616943 6.56229e-05 1
7 6.01922 6.38988 0.000273429 7 0.882329 0.0498457 5.46857e-05 1
7 6.08661 6.39369 0.000227857 7 0.881919 0.0566453 4.55714e-05 1
7 6.19938 6.40093 0.000189881 7 0.878262 0.0982118 3.79762e-05 1
7 6.42704 6.42639 0.000158234 7 0.882601 0.0447741 3.16468e-05 1
7 6.5326 6.43174 0.000131862 7 0.87958 0.0856107 2.63724e-05 1
7 6.57168 6.43555 0.000109885 7 0.874784 0.125474 2.1977e-05 1
7 6.64392 6.44591 9.15707e-05 7 0.876579 0.112249 1.83141e-05 1
8 3.94451 5.94657 1 8 0.650003 -0.349997 0 1
8 4.02267 5.90449 0.833333 8 0.665682 -0.319169 0.166667 1
8 4.04107 5.89567 0.694444 8 0.712068 -0.194837 0.138889 1
8 4.13838 5.86904 0.578704 8 0.697868 -0.240796 0.115741 1
8 4.17413 5.8567 0.482253 8 0.699641 -0.235593 0.0964506 1
8 4.21003 5.84462 0.401878 8 0.701501 -0.229997 0.0803755 1
8 4.22276 5.84044 0.334898 8 0.708685 -0.206802 0.0669796 1
8 4.26366 5.82851 0.279082 8 0.701995 -0.228484 0.0558163 1
8 4.30755 5.81422 0.232568 8 0.717364 -0.17433 0.0465136 1
8 4.31106 5.81337 0.193807 8 0.728725 -0.11816 0.0387613 1
8 4.31285 5.81308 0.161506 8 0.7067 -0.213487 0.0323011 1
8 4.31522 5.81236 0.134588 8 0.691394 -0.258797 0.0269176 1
8 4.33237 5.80594 0.112157 8 0.418433 0.608207 0.0224313 1
8 4.41016 5.91901 0.0934639 8 0.437139 0.594904 0.0186928 1
8 4.45359 5.97811 0.0778866 8 0.402123 0.619111 0.0155773 1
8 4.4589 5.9863 0.0649055 8 0.434283 0.596992 0.0129811 1
8 4.47419 6.00731 0.0540879 8 0.599918 0.430233 0.0108176 1
8 4.62634 6.11642 0.0450732 8 0.602751 0.426254 0.00901465 1
8 4.63586 6.12315 0.037561 8 0.58591 0.449123 0.00751221 1
8 4.7324 6.19716 0.0313009 8 0.654029 0.342415 0.00626017 1
8 4.7342 6.1981 0.0260841 8 0.730064 0.109583 0.00521681 1
8 4.74446 6.19964 0.0217367 8 0.735134 0.067673 0.00434734 1
8 4.79161 6.20398 0.0181139 8 0.735828 0.0596544 0.00362279 1
8 4.88188 6.2113 0.0150949 8 0.736238 0.054367 0.00301899 1
8 4.92087 6.21418 0.0125791 8 0.736755 0.0468419 0.00251582 1
8 5.14965 6.22873 0.0104826 8 0.734497 -0.0742719 0.00209652 1
8 5.17217 6.22645 0.0087355 8 0.736017 -0.0572778 0.0017471 1
8 5.2932 6.21703 0.00727958 8 0.735914 -0.0585913 0.00145592 1
8 5.31044 6.21566 0.00606632 8 0.736728 -0.0472686 0.00121326 1
8 5.48633 6.20437 0.00505526 8 0.732378 -0.0928688 0.00101105 1
8 5.65304 6.18323 0.00421272 8 0.729941 -0.110396 0.000842544 1
8 5.65754 6.18255 0.0035106 8 0.736651 -0.0484399 0.00070212 1
8 5.73535 6.17743 0.0029255 8 0.736979 0.0431672 0.0005851 1
8 5.79338 6.18083 0.00243792 8 0.736387 0.0523064 0.000487583 1
8 5.82273 6.18292 0.0020316 8 0.737612 0.0305117 0.000406319 1
8 5.93267 6.18747 0.001693 8 0.737928 0.0215475 0.0003386 1
8 6.1526 6.19389 0.00141083 8 0.728299 0.120759 0.000282166 1
8 6.22266 6.20551 0.00117569 8 0.718924 0.167778 0.000235139 1
8 6.27755 6.21832 0.000979744 8 0.720787 0.159586 0.000195949 1
8 6.3259 6.22902 0.000816453 8 0.714118 0.187183 0.000163291 1
8 6.48468 6.27064 0.000680378 8 0.708634 0.206978 0.000136076 1
8 6.56012 6.29267 0.000566982 8 0.711119 0.198272 0.000113396 1
8 6.59568 6.30259 0.000472485 8 0.719431 0.165591 9.44969e-05 1
8 6.65156 6.31545 0.000393737 8 0.702668 0.226405 7.87474e-05 1
8 6.66043 6.31831 0.000328114 8 0.729071 0.116003 6.56229e-05 1
8 6.69265 6.32344 0.000273429 8 0.736211 0.0547228 5.46857e-05 1
8 6.73886 6.32687 0.000227857 8 0.737687 0.0286258 4.55714e-05 1
8 6.91941 6.33388 0.000189881 8 0.73714 0.0403314 3.79762e-05 1
8 7.07169 6.34221 0.000158234 8 0.736617 0.0489581 3.16468e-05 1
8 7.08734 6.34325 0.000131862 8 0.715572 0.181546 2.63724e-05 1
8 7.09701 6.3457 0.000109885 8 0.706182 0.215196 2.1977e-05 1
8 7.31577 6.41237 9.15707e-05 8 0.703505 0.223792 1.83141e-05 1
9 4.06274 6.06258 1 9 -0.669494 0.330506 0 1
9 3.95733 6.11462 0.833333 9 -0.676445 0.316036 0.166667 1
9 3.8991 6.14182 0.694444 9 -0.640158 0.384257 0.138889 1
9 3.74743 6.23286 0.578704 9 -0.648942 0.369229 0.115741 1
9 3.66989 6.27698 0.482253 9 -0.662246 0.344799 0.0964506 1
9 3.64811 6.28832 0.401878 9 -0.668772 0.331965 0.0803755 1
9 3.6412 6.29175 0.334898 9 -0.65622 0.356135 0.0669796 1
9 3.55912 6.33629 0.279082 9 -0.645277 0.375598 0.0558163 1
9 3.54362 6.34532 0.232568 9 -0.656956 0.354775 0.0465136 1
9 3.51617 6.36014 0.193807 9 -0.650932 0.36571 0.0387613 1
9 3.46606 6.38829 0.161506 9 -0.63571 0.391573 0.0323011 1
9 3.40293 6.42718 0.134588 9 -0.631336 0.398587 0.0269176 1
9 3.39634 6.43134 0.112157 9 -0.578732 0.471727 0.0224313 1
9 3.3087 6.50278 0.0934639 9 -0.586515 0.462014 0.0186928 1
9 3.30089 6.50893 0.0778866 9 -0.704528 0.247177 0.0155773 1
9 3.28985 6.5128 0.0649055 9 -0.701553 0.255499 0.0129811 1
9 3.28491 6.5146 0.0540879 9 -0.724366 0.18097 0.0108176 1
9 3.23823 6.52626 0.0450732 9 -0.598302 0.446644 0.00901465 1
9 3.18322 6.56733 0.037561 9 -0.585411 0.463412 0.00751221 1
9 3.18229 6.56807 0.0313009 9 -0.572612 0.479137 0.00626017 1
9 3.09494 6.64116 0.0260841 9 -0.526675 0.529216 0.00521681 1
9 3.0893 6.64683 0.0217367 9 -0.544999 0.510326 0.00434734 1
9 2.8815 6.8414 0.0181139 9 -0.492011 0.561588 0.00362279 1
9 2.85742 6.86889 0.0150949 9 -0.613604 0.425378 0.00301899 1
9 2.74227 6.94872 0.0125791 9 -0.619311 0.417026 0.00251582 1
9 2.71396 6.96778 0.0104826 9 -0.634744 0.393137 0.00209652 1
9 2.67596 6.99132 0.0087355 9 -0.676412 0.316107 0.0017471 1
9 2.63548 7.01023 0.00727958 9 -0.645572 0.375091 0.00145592 1
9 2.47742 7.10207 0.00606632 9 -0.664838 0.339775 0.00121326 1
9 2.35814 7.16303 0.00505526 9 -0.705074 0.245615 0.00101105 1
9 2.34336 7.16818 0.00421272 9 -0.706759 0.240725 0.000842544 1
9 2.33957 7.16947 0.0035106 9 -0.702859 0.251884 0.00070212 1
9 2.3264 7.17419 0.0029255 9 -0.722975 0.18645 0.0005851 1
9 2.2625 7.19067 0.00243792 9 -0.738294 0.111256 0.000487583 1
9 2.19005 7.20159 0.0020316 9 -0.438778 -0.604094 0.000406319 1
9 2.18686 7.1972 0.001693 9 -0.533058 -0.522786 0.0003386 1
9 2.17636 7.1869 0.00141083 9 -0.545784 -0.509486 0.000282166 1
9 2.10367 7.11905 0.00117569 9 -0.592323 -0.454543 0.000235139 1
9 2.08236 7.1027 0.000979744 9 -0.58483 -0.464144 0.000195949 1
9 2.07468 7.0966 0.000816453 9 -0.540833 -0.514738 0.000163291 1
9 2.03937 7.06299 0.000680378 9 -0.569214 -0.483168 0.000136076 1
9 2.02624 7.05184 0.000566982 9 -0.590238 -0.457247 0.000113396 1
9 1.98828 7.02244 0.000472485 9 -0.601379 -0.442492 9.44969e-05 1
9 1.98151 7.01745 0.000393737 9 -0.540674 -0.514906 7.87474e-05 1
9 1.98056 7.01655 0.000328114 9 -0.607261 -0.434385 6.56229e-05 1
9 1.95609 6.99905 0.000273429 9 -0.622861 -0.411704 5.46857e-05 1
9 1.90776 6.9671 0.000227857 9 -0.635136 -0.392503 4.55714e-05 1
9 1.89379 6.95847 0.000189881 9 -0.502762 -0.551984 3.79762e-05 1
9 1.87864 6.94184 0.000158234 9 -0.489483 -0.563793 3.16468e-05 1
9 1.84981 6.90863 0.000131862 9 -0.458585 -0.589199 2.63724e-05 1
9 1.84201 6.8986 0.000109885 9 -0.449076 -0.596478 2.1977e-05 1
9 1.81839 6.86723 9.15707e-05 9 -0.470394 -0.579815 1.83141e-05 1
10 3.99489 5.9766 1 10 0.792231 -0.207769 0 1
10 4.0075 5.97329 0.833333 10 0.789393 -0.218304 0.166667 1
10 4.04772 5.96217 0.694444 10 0.342061 0.744172 0.138889 1
10 4.07209 6.01519 0.578704 10 0.271157 0.772834 0.115741 1
10 4.07262 6.0167 0.482253 10 0.161366 0.802969 0.0964506 1
10 4.091 6.10817 0.401878 10 0.115353 0.810859 0.0803755 1
10 4.10679 6.21914 0.334898 10 0.0348229 0.818282 0.0669796 1
10 4.11096 6.31701 0.279082 10 0.250924 0.779638 0.0558163 1
10 4.1233 6.35535 0.232568 10 0.267089 0.774249 0.0465136 1
10 4.13076 6.377 0.193807 10 0.2548 0.77838 0.0387613 1
10 4.13847 6.40055 0.161506 10 0.0802788 0.815079 0.0323011 1
10 4.13895 6.40535 0.134588 10 0.0521697 0.817359 0.0269176 1
10 4.14063 6.43173 0.112157 10 0.0710061 0.815939 0.0224313 1
10 4.14915 6.52967 0.0934639 10 0.116315 0.810721 0.0186928 1
10 4.16384 6.63202 0.0778866 10 0.0780451 0.815296 0.0155773 1
10 4.16994 6.69573 0.0649055 10 0.0532976 0.817287 0.0129811 1
10 4.17047 6.70399 0.0540879 10 0.0485724 0.817581 0.0108176 1
10 4.17611 6.79877 0.0450732 10 0.285265 0.767738 0.00901465 1
10 4.18628 6.82614 0.037561 10 0.232393 0.785361 0.00751221 1
10 4.21876 6.93594 0.0313009 10 0.245748 0.781285 0.00626017 1
10 4.2544 7.04924 0.0260841 10 0.257677 0.777432 0.00521681 1
10 4.26763 7.08914 0.0217367 10 0.275316 0.771362 0.00434734 1
10 4.28702 7.14347 0.0181139 10 0.327229 0.750812 0.00362279 1
10 4.29754 7.16761 0.0150949 10 0.338914 0.745611 0.00301899 1
10 4.39259 7.37672 0.0125791 10 0.332395 0.74854 0.00251582 1
10 4.39271 7.37699 0.0104826 10 0.324865 0.751838 0.00209652 1
10 4.40291 7.40059 0.0087355 10 -0.619031 0.536283 0.0017471 1
10 4.35405 7.44292 0.00727958 10 -0.652243 0.495356 0.00145592 1
10 4.35294 7.44377 0.00606632 10 -0.666958 0.475357 0.00121326 1
10 4.33994 7.45303 0.00505526 10 -0.688769 0.443165 0.00101105 1
10 4.21755 7.53178 0.00421272 10 -0.683546 0.45118 0.000842544 1
10 4.20375 7.54089 0.0035106 10 -0.700512 0.42436 0.00070212 1
10 3.95801 7.68975 0.0029255 10 -0.805325 0.149164 0.0005851 1
10 3.92272 7.69629 0.00243792 10 -0.80412 0.15553 0.000487583 1
10 3.90093 7.7005 0.0020316 10 -0.786921 0.227052 0.000406319 1
10 3.88782 7.70429 0.001693 10 -0.791412 0.210867 0.0003386 1
10 3.86322 7.71084 0.00141083 10 -0.784219 0.236218 0.000282166 1
10 3.83343 7.71981 0.00117569 10 -0.775957 0.262086 0.000235139 1
10 3.79906 7.73142 0.000979744 10 -0.774255 0.26707 0.000195949 1
10 3.71647 7.75991 0.000816453 10 -0.743592 0.34332 0.000163291 1
10 3.663 7.7846 0.000680378 10 -0.741782 0.347214 0.000136076 1
10 3.6544 7.78862 0.000566982 10 -0.737177 0.356886 0.000113396 1
10 3.48357 7.87133 0.000472485 10 -0.743251 0.344058 9.44969e-05 1
10 3.36175 7.92772 0.000393737 10 -0.718785 0.392615 7.87474e-05 1
10 3.23644 7.99616 0.000328114 10 -0.699542 0.425956 6.56229e-05 1
10 3.05553 8.10632 0.000273429 10 -0.708468 0.41094 5.46857e-05 1
10 3.05266 8.10799 0.000227857 10 -0.713515 0.402113 4.55714e-05 1
10 3.04258 8.11367 0.000189881 10 -0.722654 0.385448 3.79762e-05 1
10 3.01017 8.13095 0.000158234 10 -0.708431 0.411002 3.16468e-05 1
10 2.73411 8.29111 0.000131862 10 -0.738167 0.354834 2.63724e-05 1
10 2.72885 8.29364 0.000109885 10 -0.746558 0.336822 2.1977e-05 1
10 2.66933 8.32049 9.15707e-05 10 -0.79868 0.181407 1.83141e-05 1

