1 3.92954 6.03936 1 1 -0.630297 -0.369703 0 1
1 3.9158 6.0313 0.769231 1 -0.667485 -0.297353 0.230769 1
1 3.86482 6.00859 0.591716 1 -0.658564 -0.316619 0.177515 1
1 3.84852 6.00076 0.455166 1 -0.645035 -0.343343 0.13655 1
1 3.75804 5.95259 0.350128 1 -0.659567 -0.314524 0.105038 1
1 3.7445 5.94614 0.269329 1 -0.684165 -0.256656 0.0807987 1
1 3.73681 5.94325 0.207176 1 -0.678779 -0.270579 0.0621529 1
1 3.49511 5.84691 0.159366 1 -0.688117 -0.245865 0.0478099 1
1 3.41217 5.81727 0.122589 1 -0.720104 -0.124114 0.0367768 1
1 3.40347 5.81577 0.0942996 1 -0.717995 -0.135787 0.0282899 1
1 3.29419 5.7951 0.0725382 1 -0.715506 -0.148344 0.0217614 1
1 3.25044 5.78603 0.0557986 1 -0.694201 -0.228123 0.0167396 1
1 3.23895 5.78226 0.042922 1 -0.730654 0.00998427 0.0128766 1
1 3.2126 5.78262 0.0330169 1 -0.695905 0.222871 0.00990507 1
1 3.21238 5.78269 0.0253976 1 -0.699089 0.212673 0.00761929 1
1 3.19345 5.78845 0.0195366 1 -0.656186 0.321519 0.00586099 1
1 3.09322 5.83756 0.0150282 1 -0.644039 0.345207 0.00450845 1
1 3.0919 5.83827 0.0115601 1 -0.666121 0.300395 0.00346804 1
1 3.06953 5.84835 0.00889241 1 -0.667211 0.297966 0.00266772 1
1 2.88092 5.93258 0.00684032 1 -0.665505 0.301757 0.0020521 1
1 2.83459 5.95359 0.00526178 1 -0.668217 0.295703 0.00157853 1
1 2.70611 6.01044 0.00404753 1 -0.678361 -0.271626 0.00121426 1
1 2.66169 5.99266 0.00311348 1 -0.641118 -0.350603 0.000934044 1
1 2.64013 5.98086 0.00239499 1 -0.622753 -0.382273 0.000718496 1
1 2.53704 5.91759 0.0018423 1 -0.616964 -0.391548 0.000552689 1
1 2.48003 5.8814 0.00141715 1 -0.629778 -0.370586 0.000425145 1
1 2.46729 5.87391 0.00109012 1 -0.621509 -0.384294 0.000327035 1
1 2.44101 5.85766 0.000838551 1 -0.627319 -0.374734 0.000251565 1
1 2.39485 5.83008 0.000645039 1 -0.593044 -0.426911 0.000193512 1
1 2.39202 5.82804 0.000496184 1 -0.665536 -0.301689 0.000148855 1
1 2.36877 5.8175 0.00038168 1 -0.669052 -0.29381 0.000114504 1
1 2.36454 5.81565 0.0002936 1 -0.682957 -0.259855 8.808e-05 1
1 2.36165 5.81455 0.000225846 1 -0.677764 -0.273112 6.77539e-05 1
1 2.33362 5.80325 0.000173728 1 -0.645402 -0.342653 5.21183e-05 1
1 2.2458 5.75663 0.000133637 1 -0.635344 -0.360961 4.0091e-05 1
1 2.23691 5.75158 0.000102798 1 -0.626032 -0.37688 3.08393e-05 1
1 2.22586 5.74492 7.9075e-05 1 -0.721661 -0.114714 2.37225e-05 1
1 2.13266 5.73011 6.08269e-05 1 -0.651062 -0.331771 1.82481e-05 1
2 3.93677 6.005 1 2 0.128539 -0.871461 0 1
2 3.93912 5.98911 0.769231 2 0.0501207 -0.879463 0.230769 1
2 3.94084 5.95894 0.591716 2 0.0417738 -0.879899 0.177515 1
2 3.94918 5.78315 0.455166 2 0.019698 -0.880669 0.13655 1
2 3.95 5.74645 0.350128 2 0.0862881 -0.876653 0.105038 1
2 3.95168 5.72944 0.269329 2 0.107353 -0.874324 0.0807987 1
2 3.95783 5.67935 0.207176 2 0.133519 -0.870712 0.0621529 1
2 3.97228 5.5851 0.159366 2 0.110228 -0.873966 0.0478099 1
2 3.98787 5.46147 0.122589 2 0.080324 -0.87722 0.0367768 1
2 3.99037 5.43417 0.0942996 2 -0.00701134 -0.880862 0.0282899 1
2 3.99033 5.4291 0.0725382 2 0.0232223 -0.880584 0.0217614 1
2 3.99075 5.41316 0.0557986 2 -0.00999016 -0.880833 0.0167396 1
2 3.99056 5.39597 0.042922 2 -0.0946796 -0.875787 0.0128766 1
2 3.98336 5.3294 0.0330169 2 -0.0900078 -0.876279 0.00990507 1
2 3.97523 5.2502 0.0253976 2 -0.0771866 -0.877501 0.00761929 1
2 3.9751 5.24878 0.0195366 2 -0.130161 -0.87122 0.00586099 1
2 3.9747 5.24608 0.0150282 2 -0.225404 -0.851563 0.00450845 1
2 3.96758 5.21919 0.0115601 2 -0.235769 -0.848752 0.00346804 1
2 3.96442 5.2078 0.00889241 2 -0.200387 -0.857795 0.00266772 1
2 3.9354 5.08358 0.00684032 2 -0.19689 -0.858604 0.0020521 1
2 3.9266 5.04523 0.00526178 2 -0.140253 -0.869653 0.00157853 1
2 3.90865 4.93392 0.00404753 2 -0.102335 -0.874925 0.00121426 1
2 3.9041 4.89496 0.00311348 2 -0.109605 -0.874044 0.000934044 1
2 3.89858 4.85099 0.00239499 2 -0.167606 -0.864798 0.000718496 1
2 3.89766 4.84624 0.0018423 2 -0.251801 -0.844134 0.000552689 1
2 3.89724 4.84484 0.00141715 2 -0.312595 -0.82356 0.000425145 1
2 3.89475 4.83826 0.00109012 2 -0.400977 -0.784337 0.000327035 1
2 3.88863 4.82629 0.000838551 2 -0.413754 -0.777672 0.000251565 1
2 3.85158 4.75665 0.000645039 2 -0.412887 -0.778133 0.000193512 1
2 3.81967 4.69653 0.000496184 2 -0.410308 -0.779496 0.000148855 1
2 3.77745 4.61631 0.00038168 2 -0.435793 -0.76554 0.000114504 1
2 3.752 4.57159 0.0002936 2 -0.452968 -0.755504 8.808e-05 1
2 3.72118 4.52021 0.000225846 2 -0.384646 -0.792474 6.77539e-05 1
2 3.66019 4.39453 0.000173728 2 -0.325665 -0.81848 5.21183e-05 1
2 3.64952 4.36773 0.000133637 2 -0.344172 -0.810871 4.0091e-05 1
2 3.60337 4.259 0.000102798 2 -0.370584 -0.799146 3.08393e-05 1
2 3.59921 4.25003 7.9075e-05 2 -0.588566 -0.655406 2.37225e-05 1
2 3.57951 4.22809 6.08269e-05 2 -0.772656 -0.423047 1.82481e-05 1
3 3.99554 5.96573 1 3 0.68351 -0.31649 0 1
3 4.05586 5.9378 0.769231 3 0.691498 -0.298633 0.230769 1
3 4.0852 5.92512 0.591716 3 0.683604 -0.316286 0.177515 1
3 4.32987 5.81192 0.455166 3 0.685469 -0.312225 0.13655 1
3 4.42237 5.76979 0.350128 3 0.701383 -0.274614 0.105038 1
3 4.44251 5.7619 0.269329 3 0.744253 -0.11593 0.0807987 1
3 4.45228 5.76038 0.207176 3 0.745108 0.110296 0.0621529 1
3 4.60249 5.78262 0.159366 3 0.667348 -0.349283 0.0478099 1
3 4.6708 5.74687 0.122589 3 0.664671 -0.354351 0.0367768 1
3 4.73437 5.71298 0.0942996 3 0.676301 -0.331615 0.0282899 1
3 4.86939 5.64677 0.0725382 3 0.672833 -0.338596 0.0217614 1
3 4.89063 5.63608 0.0557986 3 0.681016 -0.321821 0.0167396 1
3 4.91783 5.62323 0.042922 3 0.690368 -0.301238 0.0128766 1
3 4.92888 5.61841 0.0330169 3 0.692679 -0.295884 0.00990507 1
3 4.93571 5.61549 0.0253976 3 0.075638 -0.74942 0.00761929 1
3 4.94627 5.5108 0.0195366 3 0.064761 -0.750438 0.00586099 1
3 4.94735 5.49834 0.0150282 3 0.0892886 -0.747917 0.00450845 1
3 4.94981 5.47774 0.0115601 3 0.106469 -0.745665 0.00346804 1
3 4.95426 5.44658 0.00889241 3 0.0445112 -0.751911 0.00266772 1
3 4.95592 5.41857 0.00684032 3 0.0116452 -0.753137 0.0020521 1
3 4.95671 5.36727 0.00526178 3 0.0383394 -0.752251 0.00157853 1
3 4.95889 5.32449 0.00404753 3 0.0642163 -0.750485 0.00121426 1
3 4.95962 5.31591 0.00311348 3 0.0734876 -0.749634 0.000934044 1
3 4.96237 5.28793 0.00239499 3 0.294525 -0.693258 0.000718496 1
3 4.97242 5.26427 0.0018423 3 0.284146 -0.697576 0.000552689 1
3 4.97744 5.25195 0.00141715 3 0.200099 -0.726162 0.000425145 1
3 4.98018 5.24199 0.00109012 3 0.263705 -0.705558 0.000327035 1
3 4.98163 5.2381 0.000838551 3 0.301624 -0.690199 0.000251565 1
3 4.99091 5.21687 0.000645039 3 0.32997 -0.677105 0.000193512 1
3 5.03699 5.12232 0.000496184 3 0.3262 -0.678929 0.000148855 1
3 5.03833 5.11952 0.00038168 3 0.33352 -0.675364 0.000114504 1
3 5.04709 5.10178 0.0002936 3 0.212798 -0.722543 8.808e-05 1
3 5.08265 4.98107 0.000225846 3 0.201572 -0.725755 6.77539e-05 1
3 5.09401 4.94017 0.000173728 3 0.213642 -0.722294 5.21183e-05 1
3 5.09855 4.92481 0.000133637 3 0.207095 -0.724198 4.0091e-05 1
3 5.12159 4.84422 0.000102798 3 0.213145 -0.722441 3.08393e-05 1
3 5.1399 4.78218 7.9075e-05 3 0.216605 -0.721411 2.37225e-05 1
4 3.96308 6.08667 1 4 -0.0381802 -0.96182 0 1
4 3.96229 6.06661 0.769231 4 -0.076419 -0.959539 0.230769 1
4 3.96029 6.04155 0.591716 4 -0.135918 -0.952933 0.177515 1
4 3.93616 5.87234 0.455166 4 -0.0767398 -0.959513 0.13655 1
4 3.93206 5.82114 0.350128 4 -0.0837655 -0.958926 0.105038 1
4 3.92216 5.70777 0.269329 4 0.012093 -0.962501 0.0807987 1
4 3.92277 5.65911 0.207176 4 0.0431819 -0.961608 0.0621529 1
4 3.93249 5.44256 0.159366 4 -0.237677 -0.932773 0.0478099 1
4 3.92991 5.43244 0.122589 4 -0.147866 -0.951152 0.0367768 1
4 3.92954 5.43002 0.0942996 4 -0.124323 -0.954515 0.0282899 1
4 3.90843 5.26796 0.0725382 4 -0.218149 -0.937532 0.0217614 1
4 3.87786 5.13657 0.0557986 4 -0.184707 -0.94469 0.0167396 1
4 3.85602 5.02486 0.042922 4 -0.224949 -0.935924 0.0128766 1
4 3.85398 5.01637 0.0330169 4 -0.187614 -0.944116 0.00990507 1
4 3.84866 4.98963 0.0253976 4 -0.207092 -0.940036 0.00761929 1
4 3.82099 4.86402 0.0195366 4 -0.14678 -0.95132 0.00586099 1
4 3.81944 4.85399 0.0150282 4 -0.169445 -0.947546 0.00450845 1
4 3.8061 4.77939 0.0115601 4 -0.14529 -0.951549 0.00346804 1
4 3.80303 4.7593 0.00889241 4 -0.377179 -0.885602 0.00266772 1
4 3.79308 4.73593 0.00684032 4 -0.372845 -0.887436 0.0020521 1
4 3.79041 4.72957 0.00526178 4 -0.360927 -0.892349 0.00157853 1
4 3.73278 4.58709 0.00404753 4 -0.420584 -0.865831 0.00121426 1
4 3.72367 4.56833 0.00311348 4 -0.577883 -0.769809 0.000934044 1
4 3.65568 4.47777 0.00239499 4 -0.585587 -0.763965 0.000718496 1
4 3.63178 4.44659 0.0018423 4 -0.698597 -0.662206 0.000552689 1
4 3.60319 4.41949 0.00141715 4 -0.536975 -0.798882 0.000425145 1
4 3.5521 4.34348 0.00109012 4 -0.529079 -0.804133 0.000327035 1
4 3.53975 4.32471 0.000838551 4 -0.506432 -0.818585 0.000251565 1
4 3.53363 4.31482 0.000645039 4 -0.482777 -0.832755 0.000193512 1
4 3.5206 4.29234 0.000496184 4 -0.524602 -0.807061 0.000148855 1
4 3.41472 4.12944 0.00038168 4 -0.731733 -0.625397 0.000114504 1
4 3.3817 4.10123 0.0002936 4 -0.741931 -0.613264 8.808e-05 1
4 3.32005 4.05026 0.000225846 4 -0.736391 -0.619906 6.77539e-05 1
4 3.28189 4.01814 0.000173728 4 -0.70932 -0.650708 5.21183e-05 1
4 3.22581 3.96669 0.000133637 4 -0.722539 -0.635998 4.0091e-05 1
4 3.21489 3.95709 0.000102798 4 -0.73681 -0.619407 3.08393e-05 1
4 3.20686 3.95033 7.9075e-05 4 -0.717693 -0.641461 2.37225e-05 1
5 3.9981 6.00094 1 5 -0.405612 -0.594388 0 1
5 3.96008 5.94522 0.769231 5 -0.131522 -0.707474 0.230769 1
5 3.92845 5.77509 0.591716 5 -0.101452 -0.712408 0.177515 1
5 3.92441 5.74669 0.455166 5 -0.0193888 -0.719334 0.13655 1
5 3.92414 5.73661 0.350128 5 -0.0189394 -0.719346 0.105038 1
5 3.91828 5.51421 0.269329 5 -0.0328487 -0.718846 0.0807987 1
5 3.91472 5.43629 0.207176 5 -0.00949148 -0.719533 0.0621529 1
5 3.91435 5.40794 0.159366 5 -0.0712802 -0.716057 0.0478099 1
5 3.91049 5.36923 0.122589 5 -0.0444364 -0.718222 0.0367768 1
5 3.90998 5.36088 0.0942996 5 -0.000566956 -0.719596 0.0282899 1
5 3.90993 5.30468 0.0725382 5 0.0114847 -0.719504 0.0217614 1
5 3.91087 5.24565 0.0557986 5 0.0578564 -0.717266 0.0167396 1
5 3.91226 5.22844 0.042922 5 0.049203 -0.717912 0.0128766 1
5 3.92354 5.06394 0.0330169 5 0.0453275 -0.718167 0.00990507 1
5 3.92663 5.01487 0.0253976 5 0.0424831 -0.718341 0.00761929 1
5 3.9301 4.95619 0.0195366 5 -0.100942 -0.712481 0.00586099 1
5 3.92531 4.92237 0.0150282 5 -0.0980617 -0.712883 0.00450845 1
5 3.91632 4.857 0.0115601 5 -0.0914663 -0.713759 0.00346804 1
5 3.88604 4.62069 0.00889241 5 -0.104364 -0.711987 0.00266772 1
5 3.87839 4.56854 0.00684032 5 -0.0973115 -0.712986 0.0020521 1
5 3.85491 4.39651 0.00526178 5 -0.0777513 -0.715383 0.00157853 1
5 3.84993 4.3507 0.00404753 5 -0.0866215 -0.714363 0.00121426 1
5 3.83579 4.23404 0.00311348 5 -0.0751535 -0.715661 0.000934044 1
5 3.83538 4.23018 0.00239499 5 -0.0913933 -0.713768 0.000718496 1
5 3.82103 4.11805 0.0018423 5 0.0176941 -0.719378 0.000552689 1
5 3.8221 4.07456 0.00141715 5 0.53444 -0.481863 0.000425145 1
5 3.97906 3.93304 0.00109012 5 0.52721 -0.489762 0.000327035 1
5 4.07898 3.84022 0.000838551 5 0.538024 -0.477858 0.000251565 1
5 4.10687 3.81544 0.000645039 5 0.531205 -0.485427 0.000193512 1
5 4.11913 3.80425 0.000496184 5 0.551917 -0.461742 0.000148855 1
5 4.14564 3.78207 0.00038168 5 0.559468 -0.452564 0.000114504 1
5 4.18387 3.75114 0.0002936 5 0.575015 -0.432638 8.808e-05 1
5 4.33471 3.63765 0.000225846 5 0.579183 -0.427042 6.77539e-05 1
5 4.44798 3.55413 0.000173728 5 0.561523 -0.450011 5.21183e-05 1
5 4.44955 3.55287 0.000133637 5 0.558488 -0.453772 4.0091e-05 1
5 4.46491 3.54039 0.000102798 5 0.565756 -0.444678 3.08393e-05 1
5 4.65087 3.39423 7.9075e-05 5 0.573433 -0.434732 2.37225e-05 1
6 3.981 5.92395 1 6 -0.270074 0.729926 0 1
6 3.96911 5.95608 0.769231 6 -0.279332 0.726434 0.230769 1
6 3.95359 5.99645 0.591716 6 -0.265778 0.731502 0.177515 1
6 3.92741 6.0685 0.455166 6 -0.285746 0.723935 0.13655 1
6 3.92623 6.07148 0.350128 6 -0.257591 0.734424 0.105038 1
6 3.90782 6.12398 0.269329 6 -0.260255 0.733484 0.0807987 1
6 3.90744 6.12504 0.207176 6 -0.268709 0.73043 0.0621529 1
6 3.88378 6.18937 0.159366 6 -0.3271 0.706214 0.0478099 1
6 3.86966 6.21984 0.122589 6 -0.507312 0.590226 0.0367768 1
6 3.85877 6.23252 0.0942996 6 -0.519933 0.579139 0.0282899 1
6 3.79036 6.30872 0.0725382 6 -0.508909 0.58885 0.0217614 1
6 3.69848 6.41503 0.0557986 6 -0.487212 0.606924 0.0167396 1
6 3.5572 6.59103 0.042922 6 -0.504777 0.592395 0.0128766 1
6 3.4721 6.6909 0.0330169 6 -0.491521 0.60344 0.00990507 1
6 3.43017 6.74237 0.0253976 6 -0.509695 0.588169 0.00761929 1
6 3.40615 6.7701 0.0195366 6 -0.486639 0.607384 0.00586099 1
6 3.39539 6.78352 0.0150282 6 -0.54776 0.552894 0.00450845 1
6 3.33057 6.84895 0.0115601 6 -0.670068 0.395906 0.00346804 1
6 3.30115 6.86633 0.00889241 6 -0.673699 0.389695 0.00266772 1
6 3.18666 6.93256 0.00684032 6 -0.667028 0.401007 0.0020521 1
6 3.1187 6.97341 0.00526178 6 -0.549095 0.551568 0.00157853 1
6 3.08103 7.01126 0.00404753 6 -0.561128 0.539322 0.00121426 1
6 3.07999 7.01225 0.00311348 6 -0.438851 0.642761 0.000934044 1
6 3.07562 7.01866 0.00239499 6 -0.394332 0.670995 0.000718496 1
6 3.0353 7.08726 0.0018423 6 -0.42961 0.648974 0.000552689 1
6 3.02437 7.10378 0.00141715 6 -0.431663 0.64761 0.000425145 1
6 3.00875 7.12721 0.00109012 6 -0.437979 0.643356 0.000327035 1
6 2.99272 7.15076 0.000838551 6 -0.400444 0.667366 0.000251565 1
6 2.98868 7.15749 0.000645039 6 -0.349405 0.695449 0.000193512 1
6 2.98729 7.16025 0.000496184 6 -0.541771 0.558763 0.000148855 1
6 2.89858 7.25175 0.00038168 6 -0.545265 0.555354 0.000114504 1
6 2.88965 7.26084 0.0002936 6 -0.513546 0.58481 8.808e-05 1
6 2.88621 7.26476 0.000225846 6 -0.724673 0.283869 6.77539e-05 1
6 2.85396 7.27739 0.000173728 6 -0.655908 0.418948 5.21183e-05 1
6 2.79339 7.31608 0.000133637 6 -0.641977 0.439998 4.0091e-05 1
6 2.64878 7.41519 0.000102798 6 -0.633486 0.452137 3.08393e-05 1
6 2.63522 7.42487 7.9075e-05 6 -0.77463 0.0753682 2.37225e-05 1
7 3.989 6.01353 1 7 -0.0723174 0.927683 0 1
7 3.96999 6.25733 0.769231 7 0.0162484 0.930355 0.230769 1
7 3.97092 6.31023 0.591716 7 -0.560632 0.742642 0.177515 1
7 3.94965 6.3384 0.455166 7 -0.557284 0.745157 0.13655 1
7 3.91495 6.3848 0.350128 7 -0.588032 0.72114 0.105038 1
7 3.87124 6.4384 0.269329 7 -0.593432 0.716703 0.0807987 1
7 3.82436 6.49503 0.207176 7 -0.572999 0.733142 0.0621529 1
7 3.82129 6.49895 0.159366 7 -0.589079 0.720285 0.0478099 1
7 3.81657 6.50473 0.122589 7 -0.580334 0.727349 0.0367768 1
7 3.79908 6.52664 0.0942996 7 -0.552703 0.748562 0.0282899 1
7 3.75699 6.58365 0.0725382 7 -0.521018 0.770951 0.0217614 1
7 3.69063 6.68185 0.0557986 7 -0.534692 0.761531 0.0167396 1
7 3.67471 6.70451 0.042922 7 -0.580051 0.727575 0.0128766 1
7 3.6638 6.71821 0.0330169 7 -0.561797 0.741761 0.00990507 1
7 3.64797 6.7391 0.0253976 7 -0.64952 0.666295 0.00761929 1
7 3.61572 6.77218 0.0195366 7 -0.630852 0.683996 0.00586099 1
7 3.5732 6.81828 0.0150282 7 -0.603297 0.708419 0.00450845 1
7 3.49941 6.90493 0.0115601 7 -0.595827 0.714713 0.00346804 1
7 3.40544 7.01765 0.00889241 7 -0.562853 0.74096 0.00266772 1
7 3.39099 7.03668 0.00684032 7 -0.554209 0.747447 0.0020521 1
7 3.35208 7.08916 0.00526178 7 -0.540328 0.757542 0.00157853 1
7 3.29935 7.16308 0.00404753 7 -0.496126 0.7872 0.00121426 1
7 3.1306 7.43083 0.00311348 7 -0.513133 0.776221 0.000934044 1
7 3.12173 7.44425 0.00239499 7 -0.544407 0.754616 0.000718496 1
7 3.09296 7.48413 0.0018423 7 0.592612 0.717381 0.000552689 1
7 3.15446 7.55857 0.00141715 7 0.58234 0.725744 0.000425145 1
7 3.17751 7.5873 0.00109012 7 0.627207 0.68734 0.000327035 1
7 3.21359 7.62684 0.000838551 7 0.63437 0.680735 0.000251565 1
7 3.22092 7.63471 0.000645039 7 -0.907855 0.204018 0.000193512 1
7 3.1886 7.64197 0.000496184 7 -0.910192 0.193329 0.000148855 1
7 3.17478 7.64491 0.00038168 7 -0.899536 0.238032 0.000114504 1
7 2.94293 7.70626 0.0002936 7 -0.909297 0.197495 8.808e-05 1
7 2.90696 7.71407 0.000225846 7 -0.910386 0.192413 6.77539e-05 1
7 2.84001 7.72822 0.000173728 7 -0.828934 0.422721 5.21183e-05 1
7 2.80924 7.74391 0.000133637 7 -0.845556 0.388406 4.0091e-05 1
7 2.60559 7.83746 0.000102798 7 -0.842986 0.393953 3.08393e-05 1
7 2.4416 7.9141 7.9075e-05 7 -0.831539 0.417573 2.37225e-05 1
8 4.07057 6.05077 1 8 -0.902204 -0.0977963 0 1
8 4.05247 6.04881 0.769231 8 -0.900695 -0.110837 0.230769 1
8 4.02811 6.04581 0.591716 8 -0.907436 -0.00976205 0.177515 1
8 4.00524 6.04557 0.455166 8 -0.90736 -0.0152853 0.13655 1
8 3.95122 6.04466 0.350128 8 -0.907014 0.0293429 0.105038 1
8 3.95119 6.04466 0.269329 8 -0.90746 -0.00722538 0.0807987 1
8 3.93726 6.04455 0.207176 8 -0.907116 0.02602 0.0621529 1
8 3.80706 6.04828 0.159366 8 -0.906572 0.0407813 0.0478099 1
8 3.75598 6.05058 0.122589 8 -0.906195 0.0484313 0.0367768 1
8 3.67322 6.055 0.0942996 8 -0.905449 0.0608066 0.0282899 1
8 3.54431 6.06366 0.0725382 8 -0.242625 0.874453 0.0217614 1
8 3.53326 6.10345 0.0557986 8 -0.168971 0.891619 0.0167396 1
8 3.53077 6.1166 0.042922 8 -0.196661 0.885923 0.0128766 1
8 3.52408 6.14675 0.0330169 8 -0.207762 0.883386 0.00990507 1
8 3.51444 6.18772 0.0253976 8 -0.119618 0.899571 0.00761929 1
8 3.51409 6.1904 0.0195366 8 -0.170046 0.891415 0.00586099 1
8 3.50884 6.21792 0.0150282 8 -0.102055 0.901732 0.00450845 1
8 3.4862 6.41792 0.0115601 8 -0.106549 0.901212 0.00346804 1
8 3.47815 6.48603 0.00889241 8 -0.054312 0.905862 0.00266772 1
8 3.47761 6.49504 0.00684032 8 -0.0992686 0.902043 0.0020521 1
8 3.47662 6.50401 0.00526178 8 -0.234246 0.876735 0.00157853 1
8 3.47603 6.50624 0.00404753 8 -0.218952 0.880679 0.00121426 1
8 3.46961 6.53207 0.00311348 8 -0.186111 0.8882 0.000934044 1
8 3.44622 6.64368 0.00239499 8 -0.217996 0.880916 0.000718496 1
8 3.44103 6.66463 0.0018423 8 -0.285248 0.861492 0.000552689 1
8 3.40717 6.7669 0.00141715 8 -0.307962 0.853636 0.000425145 1
8 3.39646 6.7966 0.00109012 8 -0.396589 0.816243 0.000327035 1
8 3.36193 6.86766 0.000838551 8 -0.389293 0.819748 0.000251565 1
8 3.33411 6.92623 0.000645039 8 -0.733896 0.53379 0.000193512 1
8 3.2709 6.97221 0.000496184 8 -0.752653 0.507 0.000148855 1
8 3.05008 7.12096 0.00038168 8 -0.739555 0.525922 0.000114504 1
8 3.04274 7.12618 0.0002936 8 -0.860395 0.28854 8.808e-05 1
8 3.00359 7.13931 0.000225846 8 -0.861743 0.284491 6.77539e-05 1
8 2.97294 7.14943 0.000173728 8 -0.847146 0.32539 5.21183e-05 1
8 2.93738 7.16309 0.000133637 8 -0.871019 0.25468 4.0091e-05 1
8 2.8866 7.17793 0.000102798 8 -0.873308 0.246714 3.08393e-05 1
8 2.86199 7.18489 7.9075e-05 8 -0.878486 0.227593 2.37225e-05 1
9 3.99559 6.05483 1 9 -0.685268 0.314732 0 1
9 3.98422 6.06005 0.769231 9 -0.6246 0.422519 0.230769 1
9 3.86806 6.13863 0.591716 9 -0.557995 0.507238 0.177515 1
9 3.84628 6.15843 0.455166 9 -0.548127 0.517886 0.13655 1
9 3.83449 6.16957 0.350128 9 -0.533243 0.533198 0.105038 1
9 3.81591 6.18815 0.269329 9 -0.49962 0.564825 0.0807987 1
9 3.78284 6.22554 0.207176 9 -0.476381 0.584559 0.0621529 1
9 3.74338 6.27395 0.159366 9 -0.509303 0.55611 0.0478099 1
9 3.73738 6.28051 0.122589 9 -0.475 0.585682 0.0367768 1
9 3.69097 6.33773 0.0942996 9 -0.478911 0.582488 0.0282899 1
9 3.67025 6.36293 0.0725382 9 -0.470717 0.58913 0.0217614 1
9 3.64522 6.39426 0.0557986 9 -0.463003 0.595211 0.0167396 1
9 3.61925 6.42764 0.042922 9 -0.417463 0.627991 0.0128766 1
9 3.55282 6.52758 0.0330169 9 -0.32662 0.679682 0.00990507 1
9 3.52988 6.57531 0.0253976 9 -0.230375 0.718036 0.00761929 1
9 3.4853 6.71428 0.0195366 9 -0.512932 0.552765 0.00586099 1
9 3.4087 6.79683 0.0150282 9 -0.488791 0.574223 0.00450845 1
9 3.3916 6.81691 0.0115601 9 -0.46384 0.594559 0.00346804 1
9 3.38134 6.83006 0.00889241 9 -0.460683 0.597009 0.00266772 1
9 3.3406 6.88285 0.00684032 9 -0.427184 0.621419 0.0020521 1
9 3.32107 6.91127 0.00526178 9 -0.41516 0.629516 0.00157853 1
9 3.30805 6.931 0.00404753 9 -0.38927 0.645846 0.00121426 1
9 3.3062 6.93408 0.00311348 9 -0.361344 0.661875 0.000934044 1
9 3.25741 7.02346 0.00239499 9 -0.34606 0.669993 0.000718496 1
9 3.2051 7.12472 0.0018423 9 -0.14062 0.74086 0.000552689 1
9 3.17924 7.26099 0.00141715 9 -0.114121 0.745402 0.000425145 1
9 3.17912 7.26178 0.00109012 9 -0.105181 0.746716 0.000327035 1
9 3.17614 7.28296 0.000838551 9 -0.0868243 0.749073 0.000251565 1
9 3.17137 7.32408 0.000645039 9 -0.0570808 0.751924 0.000193512 1
9 3.16178 7.45041 0.000496184 9 0.170751 0.734501 0.000148855 1
9 3.22526 7.72347 0.00038168 9 0.121777 0.74419 0.000114504 1
9 3.24343 7.83451 0.0002936 9 0.0661687 0.751179 8.808e-05 1
9 3.24527 7.85543 0.000225846 9 0.0275877 0.753583 6.77539e-05 1
9 3.24608 7.87759 0.000173728 9 0.0223626 0.753756 5.21183e-05 1
9 3.24704 7.90977 0.000133637 9 0.0122187 0.753989 4.0091e-05 1
9 3.24816 7.97901 0.000102798 9 -0.0418088 0.752928 3.08393e-05 1
9 3.24711 7.99783 7.9075e-05 9 0.0169665 0.753897 2.37225e-05 1
10 4.02541 5.96314 1 10 -0.648139 -0.351861 0 1
10 3.82586 5.85481 0.769231 10 -0.580912 -0.454347 0.230769 1
10 3.82168 5.85154 0.591716 10 -0.619041 -0.400847 0.177515 1
10 3.81272 5.84574 0.455166 10 -0.625926 -0.390008 0.13655 1
10 3.78011 5.82542 0.350128 10 -0.523396 -0.519564 0.105038 1
10 3.7062 5.75205 0.269329 10 -0.533929 -0.508734 0.0807987 1
10 3.66869 5.71631 0.207176 10 -0.495862 -0.545904 0.0621529 1
10 3.64976 5.69547 0.159366 10 -0.573697 -0.463423 0.0478099 1
10 3.63648 5.68474 0.122589 10 -0.559077 -0.48096 0.0367768 1
10 3.62594 5.67568 0.0942996 10 -0.554912 -0.48576 0.0282899 1
10 3.48288 5.55044 0.0725382 10 -0.562432 -0.477033 0.0217614 1
10 3.42182 5.49865 0.0557986 10 -0.556805 -0.483589 0.0167396 1
10 3.4047 5.48378 0.042922 10 -0.562404 -0.477066 0.0128766 1
10 3.40018 5.47995 0.0330169 10 -0.65144 -0.345711 0.00990507 1
10 3.3998 5.47975 0.0253976 10 -0.50125 -0.540961 0.00761929 1
10 3.38121 5.45968 0.0195366 10 -0.480251 -0.559686 0.00586099 1
10 3.30161 5.36693 0.0150282 10 -0.476797 -0.562632 0.00450845 1
10 3.18039 5.22388 0.0115601 10 -0.527823 -0.515066 0.00346804 1
10 3.15411 5.19824 0.00889241 10 -0.509543 -0.533157 0.00266772 1
10 3.1447 5.18839 0.00684032 10 -0.503475 -0.538891 0.0020521 1
10 3.13236 5.17518 0.00526178 10 -0.495347 -0.546372 0.00157853 1
10 3.1211 5.16276 0.00404753 10 -0.50125 -0.540961 0.00121426 1
10 3.02941 5.0638 0.00311348 10 -0.489668 -0.551466 0.000934044 1
10 2.99921 5.02979 0.00239499 10 -0.500619 -0.541545 0.000718496 1
10 2.98586 5.01535 0.0018423 10 -0.474556 -0.564523 0.000552689 1
10 2.97105 4.99773 0.00141715 10 -0.432883 -0.597079 0.000425145 1
10 2.95484 4.97538 0.00109012 10 -0.205917 -0.708159 0.000327035 1
10 2.90509 4.8043 0.000838551 10 -0.191318 -0.712241 0.000251565 1
10 2.8937 4.76187 0.000645039 10 -0.185598 -0.713753 0.000193512 1
10 2.88395 4.7244 0.000496184 10 -0.21071 -0.706747 0.000148855 1
10 2.87437 4.69226 0.00038168 10 -0.200351 -0.709753 0.000114504 1
10 2.86622 4.66339 0.0002936 10 -0.178881 -0.715466 8.808e-05 1
10 2.85286 4.60994 0.000225846 10 -0.205083 -0.7084 6.77539e-05 1
10 2.81368 4.47461 0.000173728 10 -0.192506 -0.711921 5.21183e-05 1
10 2.77601 4.3353 0.000133637 10 -0.178008 -0.715684 4.0091e-05 1
10 2.77232 4.32048 0.000102798 10 -0.183382 -0.714326 3.08393e-05 1
10 2.74319 4.207 7.9075e-05 10 -0.191091 -0.712302 2.37225e-05 1
11 3.99114 6.03842 1 11 0.800551 -0.199449 0 1
11 4.01726 6.03191 0.769231 11 0.77517 -0.282441 0.230769 1
11 4.06641 6.014 0.591716 11 0.814515 -0.131256 0.177515 1
11 4.18299 5.99522 0.455166 11 0.824228 -0.0361983 0.13655 1
11 4.28854 5.99058 0.350128 11 0.823479 -0.050445 0.105038 1
11 4.30495 5.98958 0.269329 11 0.824982 -0.0081464 0.0807987 1
11 4.50239 5.98763 0.207176 11 0.736619 0.371557 0.0621529 1
11 4.54296 6.00809 0.159366 11 0.738531 0.367743 0.0478099 1
11 4.58496 6.029 0.122589 11 0.744476 0.355552 0.0367768 1
11 4.60957 6.04076 0.0942996 11 0.755282 0.331981 0.0282899 1
11 4.75035 6.10264 0.0725382 11 0.750227 0.343252 0.0217614 1
11 4.76753 6.11049 0.0557986 11 0.758879 0.323673 0.0167396 1
11 4.78169 6.11654 0.042922 11 0.69535 0.444017 0.0128766 1
11 4.80006 6.12826 0.0330169 11 0.703455 0.431061 0.00990507 1
11 5.05572 6.28493 0.0253976 11 0.696569 0.442101 0.00761929 1
11 5.09875 6.31224 0.0195366 11 0.681571 0.46489 0.00586099 1
11 5.23321 6.40395 0.0150282 11 0.693416 0.447031 0.00450845 1
11 5.23328 6.404 0.0115601 11 0.630266 0.532378 0.00346804 1
11 5.24194 6.41131 0.00889241 11 0.61359 0.551516 0.00266772 1
11 5.26983 6.43638 0.00684032 11 0.604258 0.561724 0.0020521 1
11 5.27638 6.44247 0.00526178 11 0.638764 0.522152 0.00157853 1
11 5.27937 6.44491 0.00404753 11 0.660782 0.493993 0.00121426 1
11 5.32546 6.47937 0.00311348 11 0.677504 0.470798 0.000934044 1
11 5.37328 6.5126 0.00239499 11 0.692846 0.447913 0.000718496 1
11 5.4179 6.54144 0.0018423 11 0.714725 0.412105 0.000552689 1
11 5.54363 6.61394 0.00141715 11 0.697612 0.440453 0.000425145 1
11 5.57282 6.63237 0.00109012 11 0.825001 -0.00590729 0.000327035 1
11 5.57504 6.63235 0.000838551 11 0.824695 0.0232322 0.000251565 1
11 5.69151 6.63564 0.000645039 11 0.823583 0.0487078 0.000193512 1
11 5.76611 6.64005 0.000496184 11 0.819837 -0.0923548 0.000148855 1
11 5.8526 6.6303 0.00038168 11 0.82459 -0.0267012 0.000114504 1
11 5.86435 6.62992 0.0002936 11 0.823535 -0.0495148 8.808e-05 1
11 6.10209 6.61563 0.000225846 11 0.8189 -0.100321 6.77539e-05 1
11 6.12611 6.61269 0.000173728 11 0.816747 -0.116558 5.21183e-05 1
11 6.23648 6.59693 0.000133637 11 0.798509 -0.207473 4.0091e-05 1
11 6.35825 6.5653 0.000102798 11 0.802712 -0.190566 3.08393e-05 1
11 6.36317 6.56413 7.9075e-05 11 0.824632 0.0253687 2.37225e-05 1
12 4.00958 5.91129 1 12 0.653265 0.346735 0 1
12 4.0297 5.92197 0.769231 12 0.733786 0.0924054 0.230769 1
12 4.07504 5.92767 0.591716 12 0.729763 0.120108 0.177515 1
12 4.09489 5.93094 0.455166 12 0.734661 0.0851639 0.13655 1
12 4.16058 5.93856 0.350128 12 0.73927 0.0214686 0.105038 1
12 4.23251 5.94065 0.269329 12 0.739559 0.00573923 0.0807987 1
12 4.24772 5.94076 0.207176 12 0.739545 -0.00727364 0.0621529 1
12 4.29328 5.94032 0.159366 12 0.739269 -0.0214737 0.0478099 1
12 4.37236 5.93802 0.122589 12 0.739461 -0.0133395 0.0367768 1
12 4.41451 5.93726 0.0942996 12 0.735735 -0.0753298 0.0282899 1
12 4.48428 5.93012 0.0725382 12 0.737115 -0.0603484 0.0217614 1
12 4.49574 5.92918 0.0557986 12 0.73855 -0.0390426 0.0167396 1
12 4.51756 5.92802 0.042922 12 0.739117 -0.0262057 0.0128766 1
12 4.55256 5.92678 0.0330169 12 0.737674 -0.0530803 0.00990507 1
12 4.61114 5.92257 0.0253976 12 0.736666 0.0656023 0.00761929 1
12 4.6167 5.92306 0.0195366 12 0.729085 0.12416 0.00586099 1
12 4.61862 5.92339 0.0150282 12 0.733018 0.0983089 0.00450845 1
12 4.67533 5.931 0.0115601 12 0.731228 0.110841 0.00346804 1
12 4.83947 5.95588 0.00889241 12 0.733145 0.0973617 0.00266772 1
12 5.12487 5.99378 0.00684032 12 0.736254 0.0700786 0.0020521 1
12 5.3258 6.0129 0.00526178 12 0.732288 0.103606 0.00157853 1
12 5.33796 6.01462 0.00404753 12 0.712531 0.198192 0.00121426 1
12 5.38288 6.02712 0.00311348 12 0.738187 0.0453896 0.000934044 1
12 5.43994 6.03063 0.00239499 12 0.739077 -0.027313 0.000718496 1
12 5.48734 6.02887 0.0018423 12 0.738542 -0.0392016 0.000552689 1
12 5.57161 6.0244 0.00141715 12 0.732339 -0.103246 0.000425145 1
12 5.58702 6.02223 0.00109012 12 0.0127626 0.739471 0.000327035 1
12 5.58838 6.10107 0.000838551 12 -0.0167684 0.739391 0.000251565 1
12 5.5874 6.1443 0.000645039 12 -0.0230674 0.739221 0.000193512 1
12 5.57551 6.52538 0.000496184 12 0.00301382 0.739575 0.000148855 1
12 5.57555 6.53549 0.00038168 12 0.11862 0.730007 0.000114504 1
12 5.59161 6.63431 0.0002936 12 0.139573 0.726292 8.808e-05 1
12 5.61438 6.75282 0.000225846 12 0.150083 0.724193 6.77539e-05 1
12 5.61542 6.75781 0.000173728 12 0.169956 0.719788 5.21183e-05 1
12 5.62003 6.77734 0.000133637 12 0.101495 0.732584 4.0091e-05 1
12 5.62598 6.82028 0.000102798 12 0.092387 0.733788 3.08393e-05 1
12 5.63396 6.88371 7.9075e-05 12 0.0706202 0.736202 2.37225e-05 1
13 4.00456 5.99864 1 13 -0.897443 0.102557 0 1
13 3.97817 6.00166 0.769231 13 -0.896102 0.113682 0.230769 1
13 3.89776 6.01186 0.591716 13 -0.898933 0.088556 0.177515 1
13 3.86852 6.01474 0.455166 13 -0.864364 0.26229 0.13655 1
13 3.81965 6.02957 0.350128 13 -0.871953 0.235839 0.105038 1
13 3.71129 6.05888 0.269329 13 -0.867913 0.250297 0.0807987 1
13 3.61096 6.08781 0.207176 13 -0.821228 0.376174 0.0621529 1
13 3.60565 6.09025 0.159366 13 -0.815245 0.388969 0.0478099 1
13 3.56884 6.10781 0.122589 13 -0.83212 0.351423 0.0367768 1
13 3.5569 6.11285 0.0942996 13 -0.826981 0.363351 0.0282899 1
13 3.54789 6.11681 0.0725382 13 -0.843414 0.323381 0.0217614 1
13 3.4322 6.16117 0.0557986 13 -0.833599 0.3479 0.0167396 1
13 3.23378 6.24398 0.042922 13 -0.869748 0.243845 0.0128766 1
13 3.22281 6.24705 0.0330169 13 -0.880158 -0.203085 0.00990507 1
13 3.17988 6.23715 0.0253976 13 -0.886245 -0.174617 0.00761929 1
13 3.13965 6.22922 0.0195366 13 -0.884344 -0.184006 0.00586099 1
13 2.96733 6.19337 0.0150282 13 -0.880643 -0.200974 0.00450845 1
13 2.9377 6.18661 0.0115601 13 -0.878503 -0.210129 0.00346804 1
13 2.92819 6.18433 0.00889241 13 -0.871345 -0.238075 0.00266772 1
13 2.78646 6.14561 0.00684032 13 -0.860763 -0.273879 0.0020521 1
13 2.74195 6.13145 0.00526178 13 -0.846398 -0.315489 0.00157853 1
13 2.65148 6.09772 0.00404753 13 -0.870421 -0.24143 0.00121426 1
13 2.57597 6.07678 0.00311348 13 -0.875313 -0.223045 0.000934044 1
13 2.56742 6.0746 0.00239499 13 -0.901212 -0.0611503 0.000718496 1
13 2.5431 6.07295 0.0018423 13 -0.90241 -0.0397161 0.000552689 1
13 2.49978 6.07104 0.00141715 13 -0.902863 -0.0275703 0.000425145 1
13 2.3101 6.06525 0.00109012 13 -0.902985 -0.0232383 0.000327035 1
13 2.15232 6.06119 0.000838551 13 -0.903281 0.00235135 0.000251565 1
13 2.07775 6.06138 0.000645039 13 -0.902776 0.0302878 0.000193512 1
13 1.90752 6.0671 0.000496184 13 -0.9031 0.0182268 0.000148855 1
13 1.90478 6.06715 0.00038168 13 -0.903168 0.0144668 0.000114504 1
13 1.81032 6.06866 0.0002936 13 -0.899341 0.0843043 8.808e-05 1
13 1.75841 6.07353 0.000225846 13 -0.900059 0.076264 6.77539e-05 1
13 1.70728 6.07786 0.000173728 13 -0.901432 0.0578139 5.21183e-05 1
13 1.65697 6.08109 0.000133637 13 -0.896469 0.110752 4.0091e-05 1
13 1.599 6.08825 0.000102798 13 -0.898712 0.0907663 3.08393e-05 1
13 1.53843 6.09437 7.9075e-05 13 -0.896107 0.113641 2.37225e-05 1
14 4.08367 6.01174 1 14 0.523942 -0.476058 0 1
14 4.24511 5.86506 0.769231 14 0.530096 -0.469196 0.230769 1
14 4.27365 5.83979 0.591716 14 0.53961 -0.458222 0.177515 1
14 4.29308 5.8233 0.455166 14 0.40025 -0.583906 0.13655 1
14 4.34699 5.74465 0.350128 14 0.575873 -0.411723 0.105038 1
14 4.36301 5.73319 0.269329 14 0.597167 -0.380182 0.0807987 1
14 4.37 5.72874 0.207176 14 0.589549 -0.391891 0.0621529 1
14 4.39278 5.7136 0.159366 14 0.626338 -0.32992 0.0478099 1
14 4.44251 5.6874 0.122589 14 0.628513 -0.325758 0.0367768 1
14 4.44919 5.68394 0.0942996 14 0.626182 -0.330215 0.0282899 1
14 4.50738 5.65326 0.0725382 14 0.63034 -0.322209 0.0217614 1
14 4.50975 5.65205 0.0557986 14 0.628301 -0.326166 0.0167396 1
14 4.56826 5.62167 0.042922 14 0.627342 -0.328006 0.0128766 1
14 4.6822 5.5621 0.0330169 14 0.614825 -0.350909 0.00990507 1
14 4.68997 5.55766 0.0253976 14 0.547278 -0.449035 0.00761929 1
14 4.72025 5.53282 0.0195366 14 0.576358 -0.411045 0.00586099 1
14 4.72044 5.53268 0.0150282 14 0.631096 -0.320725 0.00450845 1
14 4.73972 5.52289 0.0115601 14 0.579101 -0.407171 0.00346804 1
14 4.79657 5.48291 0.00889241 14 0.58724 -0.395343 0.00266772 1
14 4.80288 5.47867 0.00684032 14 0.591647 -0.388716 0.0020521 1
14 4.80505 5.47724 0.00526178 14 0.604799 -0.36792 0.00157853 1
14 4.80686 5.47614 0.00404753 14 0.627393 -0.32791 0.00121426 1
14 4.8426 5.45746 0.00311348 14 0.623268 -0.335684 0.000934044 1
14 4.96656 5.39069 0.00239499 14 0.637751 -0.307279 0.000718496 1
14 4.97198 5.38808 0.0018423 14 0.631053 -0.320808 0.000552689 1
14 5.03651 5.35528 0.00141715 14 0.620438 -0.340886 0.000425145 1
14 5.16584 5.28422 0.00109012 14 0.616961 -0.347139 0.000327035 1
14 5.16996 5.2819 0.000838551 14 0.596749 -0.380837 0.000251565 1
14 5.20076 5.26224 0.000645039 14 0.607045 -0.364202 0.000193512 1
14 5.20559 5.25935 0.000496184 14 0.599134 -0.377075 0.000148855 1
14 5.21152 5.25561 0.00038168 14 0.689707 -0.159532 0.000114504 1
14 5.29534 5.23623 0.0002936 14 0.691853 -0.149953 8.808e-05 1
14 5.32377 5.23006 0.000225846 14 0.686085 -0.174452 6.77539e-05 1
14 5.35959 5.22096 0.000173728 14 0.692443 -0.147206 5.21183e-05 1
14 5.36543 5.21971 0.000133637 14 0.690757 -0.154921 4.0091e-05 1
14 5.46458 5.19748 0.000102798 14 0.687868 -0.167285 3.08393e-05 1
14 5.51923 5.18419 7.9075e-05 14 0.688327 -0.165385 2.37225e-05 1
15 3.98092 5.98609 1 15 0.45274 -0.54726 0 1
15 3.98909 5.97621 0.769231 15 0.466457 -0.535616 0.230769 1
15 4.07973 5.87214 0.591716 15 0.528673 -0.474312 0.177515 1
15 4.10903 5.84584 0.455166 15 0.491104 -0.513112 0.13655 1
15 4.16147 5.79106 0.350128 15 0.473687 -0.529233 0.105038 1
15 4.24519 5.69752 0.269329 15 0.493079 -0.511215 0.0807987 1
15 4.30765 5.63276 0.207176 15 0.422669 -0.570805 0.0621529 1
15 4.33 5.60258 0.159366 15 0.431078 -0.564481 0.0478099 1
15 4.35633 5.56811 0.122589 15 0.442825 -0.555314 0.0367768 1
15 4.38885 5.52732 0.0942996 15 0.360169 -0.612165 0.0282899 1
15 4.39783 5.51205 0.0725382 15 0.388775 -0.594408 0.0217614 1
15 4.40185 5.5059 0.0557986 15 0.401401 -0.585956 0.0167396 1
15 4.41573 5.48565 0.042922 15 0.355179 -0.615073 0.0128766 1
15 4.42226 5.47434 0.0330169 15 0.317203 -0.635491 0.00990507 1
15 4.42299 5.47288 0.0253976 15 0.325362 -0.631353 0.00761929 1
15 4.44325 5.43356 0.0195366 15 0.391517 -0.592605 0.00586099 1
15 4.4473 5.42743 0.0150282 15 0.385871 -0.596298 0.00450845 1
15 4.52086 5.31375 0.0115601 15 0.479047 -0.524387 0.00346804 1
15 4.54292 5.28961 0.00889241 15 0.505339 -0.499099 0.00266772 1
15 4.56213 5.27064 0.00684032 15 0.507662 -0.496736 0.0020521 1
15 4.57183 5.26115 0.00526178 15 0.514185 -0.48998 0.00157853 1
15 4.60411 5.23038 0.00404753 15 0.497412 -0.506999 0.00121426 1
15 4.63095 5.20303 0.00311348 15 0.470069 -0.532449 0.000934044 1
15 4.67433 5.15389 0.00239499 15 0.464442 -0.537365 0.000718496 1
15 4.7315 5.08775 0.0018423 15 0.449734 -0.549733 0.000552689 1
15 4.78749 5.0193 0.00141715 15 0.437445 -0.559562 0.000425145 1
15 4.94095 4.823 0.00109012 15 0.440117 -0.557462 0.000327035 1
15 5.06352 4.66775 0.000838551 15 0.493951 -0.510372 0.000251565 1
15 5.10969 4.62005 0.000645039 15 0.480987 -0.522608 0.000193512 1
15 5.11461 4.61471 0.000496184 15 0.491959 -0.512292 0.000148855 1
15 5.17278 4.55413 0.00038168 15 0.488893 -0.515219 0.000114504 1
15 5.2076 4.51744 0.0002936 15 0.555543 -0.442538 8.808e-05 1
15 5.21223 4.51375 0.000225846 15 0.561197 -0.435344 6.77539e-05 1
15 5.22995 4.5 0.000173728 15 0.533913 -0.468406 5.21183e-05 1
15 5.25774 4.47562 0.000133637 15 0.541287 -0.459864 4.0091e-05 1
15 5.35051 4.3968 0.000102798 15 0.582314 -0.406666 3.08393e-05 1
15 5.35998 4.39019 7.9075e-05 15 0.635252 -0.317682 2.37225e-05 1
16 4.02836 5.96171 1 16 0.00278161 -0.997218 0 1
16 4.02891 5.76411 0.769231 16 0.0240736 -0.996932 0.230769 1
16 4.03015 5.71245 0.591716 16 -0.209597 -0.974947 0.177515 1
16 3.99563 5.55184 0.455166 16 0.235219 -0.969084 0.13655 1
16 4.00699 5.50501 0.350128 16 0.0779215 -0.994173 0.105038 1
16 4.02568 5.2666 0.269329 16 0.0873989 -0.993385 0.0807987 1
16 4.02606 5.26229 0.207176 16 0.0969597 -0.992497 0.0621529 1
16 4.04089 5.1105 0.159366 16 -0.253564 -0.964447 0.0478099 1
16 4.03442 5.08589 0.122589 16 -0.358978 -0.930369 0.0367768 1
16 3.97665 4.93617 0.0942996 16 -0.241143 -0.967627 0.0282899 1
16 3.97204 4.91766 0.0725382 16 -0.297806 -0.951716 0.0217614 1
16 3.96315 4.88927 0.0557986 16 -0.366403 -0.92747 0.0167396 1
16 3.91418 4.7653 0.042922 16 -0.322925 -0.943489 0.0128766 1
16 3.85806 4.60135 0.0330169 16 -0.338922 -0.937861 0.00990507 1
16 3.83685 4.54264 0.0253976 16 -0.313693 -0.946599 0.00761929 1
16 3.81411 4.47402 0.0195366 16 0.421585 -0.903725 0.00586099 1
16 3.87237 4.34913 0.0150282 16 0.400534 -0.91325 0.00450845 1
16 3.90132 4.28312 0.0115601 16 0.358517 -0.930547 0.00346804 1
16 3.91313 4.25246 0.00889241 16 0.379727 -0.922095 0.00266772 1
16 3.92396 4.22616 0.00684032 16 0.484511 -0.871609 0.0020521 1
16 3.93419 4.20775 0.00526178 16 0.472093 -0.878396 0.00157853 1
16 3.96868 4.14359 0.00404753 16 0.444175 -0.892839 0.00121426 1
16 3.98342 4.11396 0.00311348 16 0.467448 -0.880877 0.000934044 1
16 3.98941 4.10267 0.00239499 16 0.634419 -0.769393 0.000718496 1
16 4.07783 3.99544 0.0018423 16 0.745026 -0.662863 0.000552689 1
16 4.19446 3.89167 0.00141715 16 0.692756 -0.717316 0.000425145 1
16 4.25154 3.83257 0.00109012 16 0.980781 -0.180337 0.000327035 1
16 4.30619 3.82252 0.000838551 16 0.995775 0.0537154 0.000251565 1
16 4.35332 3.82506 0.000645039 16 0.997221 0.00176639 0.000193512 1
16 4.48983 3.8253 0.000496184 16 0.996642 0.034004 0.000148855 1
16 4.63135 3.83013 0.00038168 16 0.995329 0.0614174 0.000114504 1
16 4.63248 3.8302 0.0002936 16 0.996519 0.0374504 8.808e-05 1
16 4.64282 3.83059 0.000225846 16 0.997182 0.00901629 6.77539e-05 1
16 4.70348 3.83114 0.000173728 16 0.997213 -0.00422527 5.21183e-05 1
16 4.77891 3.83082 0.000133637 16 0.984178 0.160768 4.0091e-05 1
16 4.89601 3.84995 0.000102798 16 0.981254 0.177746 3.08393e-05 1
16 4.93189 3.85645 7.9075e-05 16 0.984408 0.159354 2.37225e-05 1
17 3.96715 5.99004 1 17 -0.832622 0.167378 0 1
17 3.82171 6.01928 0.769231 17 -0.822887 0.210076 0.230769 1
17 3.82142 6.01935 0.591716 17 -0.84546 0.0804493 0.177515 1
17 3.76626 6.0246 0.455166 17 -0.846854 0.0641335 0.13655 1
17 3.76159 6.02495 0.350128 17 -0.833168 0.164639 0.105038 1
17 3.63091 6.05078 0.269329 17 -0.832205 0.169441 0.0807987 1
17 3.62441 6.0521 0.207176 17 -0.829584 0.181837 0.0621529 1
17 3.44277 6.09192 0.159366 17 -0.826156 0.196829 0.0478099 1
17 3.41888 6.09761 0.122589 17 -0.829974 0.18005 0.0367768 1
17 3.40487 6.10064 0.0942996 17 -0.819192 0.22405 0.0282899 1
17 3.37528 6.10874 0.0725382 17 -0.805857 0.268083 0.0217614 1
17 3.35074 6.1169 0.0557986 17 -0.783501 0.327721 0.0167396 1
17 3.26754 6.1517 0.042922 17 -0.778991 0.338301 0.0128766 1
17 3.24513 6.16144 0.0330169 17 -0.747333 0.403446 0.00990507 1
17 3.18841 6.19206 0.0253976 17 -0.755146 0.388625 0.00761929 1
17 3.13113 6.22153 0.0195366 17 -0.747242 0.403613 0.00586099 1
17 2.93832 6.32568 0.0150282 17 -0.753469 0.391865 0.00450845 1
17 2.85853 6.36718 0.0115601 17 -0.760252 0.378538 0.00346804 1
17 2.83555 6.37862 0.00889241 17 -0.764907 0.369042 0.00266772 1
17 2.78967 6.40075 0.00684032 17 -0.787643 0.317636 0.0020521 1
17 2.71175 6.43218 0.00526178 17 -0.740849 0.415232 0.00157853 1
17 2.6792 6.45042 0.00404753 17 -0.766408 0.365914 0.00121426 1
17 2.66683 6.45633 0.00311348 17 -0.673187 0.517778 0.000934044 1
17 2.62458 6.48882 0.00239499 17 -0.69838 0.483259 0.000718496 1
17 2.58206 6.51824 0.0018423 17 -0.692668 0.491412 0.000552689 1
17 2.52268 6.56037 0.00141715 17 -0.606324 0.594682 0.000425145 1
17 2.51256 6.5703 0.00109012 17 -0.571494 0.628227 0.000327035 1
17 2.49736 6.587 0.000838551 17 -0.596464 0.60457 0.000251565 1
17 2.46991 6.61483 0.000645039 17 -0.600096 0.600966 0.000193512 1
17 2.44267 6.64211 0.000496184 17 -0.591192 0.609727 0.000148855 1
17 2.35426 6.7333 0.00038168 17 -0.419098 0.738669 0.000114504 1
17 2.35313 6.73527 0.0002936 17 -0.346978 0.775165 8.808e-05 1
17 2.35162 6.73865 0.000225846 17 -0.383462 0.757781 6.77539e-05 1
17 2.34267 6.75635 0.000173728 17 -0.364357 0.767149 5.21183e-05 1
17 2.34038 6.76117 0.000133637 17 -0.385542 0.756724 4.0091e-05 1
17 2.29393 6.85234 0.000102798 17 -0.370958 0.763979 3.08393e-05 1
17 2.28377 6.87325 7.9075e-05 17 -0.265298 0.806778 2.37225e-05 1
18 4.02925 6.05456 1 18 -0.475791 -0.524209 0 1
18 3.9459 5.96272 0.769231 18 -0.459976 -0.53814 0.230769 1
18 3.94327 5.95965 0.591716 18 -0.451278 -0.545454 0.177515 1
18 3.93935 5.95491 0.455166 18 -0.461604 -0.536743 0.13655 1
18 3.81965 5.81573 0.350128 18 -0.445602 -0.550101 0.105038 1
18 3.78456 5.7724 0.269329 18 -0.448114 -0.548057 0.0807987 1
18 3.77004 5.75465 0.207176 18 -0.441062 -0.553748 0.0621529 1
18 3.717 5.68806 0.159366 18 -0.425513 -0.565783 0.0478099 1
18 3.66472 5.61855 0.122589 18 -0.419489 -0.570264 0.0367768 1
18 3.64143 5.58688 0.0942996 18 -0.455001 -0.542352 0.0282899 1
18 3.63393 5.57794 0.0725382 18 -0.48024 -0.520136 0.0217614 1
18 3.61334 5.55564 0.0557986 18 -0.488906 -0.511999 0.0167396 1
18 3.59925 5.54089 0.042922 18 -0.479214 -0.521082 0.0128766 1
18 3.57918 5.51906 0.0330169 18 -0.493097 -0.507964 0.00990507 1
18 3.54882 5.48779 0.0253976 18 -0.547353 -0.448974 0.00761929 1
18 3.51735 5.46198 0.0195366 18 -0.577278 -0.409783 0.00586099 1
18 3.48987 5.44247 0.0150282 18 -0.581782 -0.403364 0.00450845 1
18 3.47497 5.43213 0.0115601 18 -0.590389 -0.390657 0.00346804 1
18 3.43513 5.40578 0.00889241 18 -0.590489 -0.390506 0.00266772 1
18 3.42843 5.40134 0.00684032 18 -0.574855 -0.413176 0.0020521 1
18 3.39362 5.37633 0.00526178 18 -0.57902 -0.407318 0.00157853 1
18 3.21681 5.25195 0.00404753 18 -0.581754 -0.403403 0.00121426 1
18 3.21218 5.24873 0.00311348 18 -0.677939 -0.203889 0.000934044 1
18 3.16198 5.23364 0.00239499 18 -0.679193 -0.199671 0.000718496 1
18 3.07761 5.20883 0.0018423 18 -0.694052 -0.139514 0.000552689 1
18 3.05021 5.20332 0.00141715 18 -0.693278 -0.143312 0.000425145 1
18 2.96807 5.18634 0.00109012 18 -0.681667 -0.191056 0.000327035 1
18 2.85879 5.15571 0.000838551 18 -0.666299 -0.239202 0.000251565 1
18 2.84298 5.15004 0.000645039 18 -0.660367 -0.255122 0.000193512 1
18 2.79061 5.12981 0.000496184 18 -0.630374 -0.322181 0.000148855 1
18 2.771 5.11979 0.00038168 18 -0.629429 -0.324023 0.000114504 1
18 2.75036 5.10916 0.0002936 18 -0.618524 -0.344383 8.808e-05 1
18 2.69766 5.07982 0.000225846 18 -0.630915 -0.321121 6.77539e-05 1
18 2.68851 5.07516 0.000173728 18 -0.640326 -0.301918 5.21183e-05 1
18 2.64533 5.0548 0.000133637 18 -0.706846 -0.039251 4.0091e-05 1
18 2.54868 5.04943 0.000102798 18 -0.703101 0.0825877 3.08393e-05 1
18 2.54489 5.04988 7.9075e-05 18 -0.706038 0.0517919 2.37225e-05 1
19 3.9755 5.99208 1 19 0.917282 -0.082718 0 1
19 3.99344 5.99046 0.769231 19 0.918883 -0.0624704 0.230769 1
19 4.02215 5.98851 0.591716 19 0.917679 -0.0781933 0.177515 1
19 4.1434 5.97818 0.455166 19 0.914358 -0.110443 0.13655 1
19 4.17687 5.97413 0.350128 19 0.918856 -0.0628692 0.105038 1
19 4.18504 5.97357 0.269329 19 0.91999 -0.0432122 0.0807987 1
19 4.24002 5.97099 0.207176 19 0.918244 -0.0712435 0.0621529 1
19 4.32885 5.9641 0.159366 19 0.917738 -0.0774957 0.0478099 1
19 4.4377 5.95491 0.122589 19 0.920885 -0.0147988 0.0367768 1
19 4.45096 5.9547 0.0942996 19 0.920761 -0.0211611 0.0282899 1
19 4.51991 5.95311 0.0725382 19 0.920978 -0.00688903 0.0217614 1
19 4.74913 5.9514 0.0557986 19 0.920908 -0.0132724 0.0167396 1
19 4.79225 5.95077 0.042922 19 0.920264 -0.0369024 0.0128766 1
19 5.06716 5.93975 0.0330169 19 0.920772 -0.020686 0.00990507 1
19 5.1813 5.93719 0.0253976 19 0.917262 -0.0829439 0.00761929 1
19 5.31033 5.92552 0.0195366 19 0.896812 -0.209705 0.00586099 1
19 5.31314 5.92486 0.0150282 19 0.512736 0.765082 0.00450845 1
19 5.48656 6.18364 0.0115601 19 0.528306 0.754414 0.00346804 1
19 5.48892 6.18701 0.00889241 19 0.501567 0.77245 0.00266772 1
19 5.54344 6.27097 0.00684032 19 0.520187 0.760036 0.0020521 1
19 5.57318 6.31442 0.00526178 19 0.539995 0.746093 0.00157853 1
19 5.65181 6.42306 0.00404753 19 0.53019 0.753091 0.00121426 1
19 5.68652 6.47237 0.00311348 19 0.549521 0.739104 0.000934044 1
19 5.69009 6.47717 0.00239499 19 0.47654 0.788136 0.000718496 1
19 5.73211 6.54667 0.0018423 19 0.525258 0.75654 0.000552689 1
19 5.75238 6.57587 0.00141715 19 0.527862 0.754725 0.000425145 1
19 5.8797 6.7579 0.00109012 19 0.503391 0.771263 0.000327035 1
19 5.88934 6.77267 0.000838551 19 0.509883 0.766986 0.000251565 1
19 5.91101 6.80527 0.000645039 19 0.480874 0.785499 0.000193512 1
19 5.95139 6.87123 0.000496184 19 0.48562 0.782574 0.000148855 1
19 5.99172 6.93621 0.00038168 19 0.467154 0.793735 0.000114504 1
19 6.00808 6.96402 0.0002936 19 0.486422 0.782076 8.808e-05 1
19 6.06605 7.05722 0.000225846 19 0.344823 0.854017 6.77539e-05 1
19 6.06916 7.06493 0.000173728 19 0.411841 0.823793 5.21183e-05 1
19 6.12564 7.1779 0.000133637 19 0.461145 0.797242 4.0091e-05 1
19 6.13367 7.19178 0.000102798 19 0.568816 0.72436 3.08393e-05 1
19 6.18218 7.25356 7.9075e-05 19 0.516709 0.762404 2.37225e-05 1
20 4.03453 5.96986 1 20 -0.397353 0.602647 0 1
20 3.98705 6.04188 0.769231 20 -0.393455 0.605199 0.230769 1
20 3.97339 6.06288 0.591716 20 -0.276613 0.666752 0.177515 1
20 3.95814 6.09965 0.455166 20 -0.315148 0.649426 0.13655 1
20 3.94575 6.12517 0.350128 20 -0.302279 0.655515 0.105038 1
20 3.92916 6.16117 0.269329 20 -0.197263 0.694377 0.0807987 1
20 3.92815 6.1647 0.207176 20 -0.213402 0.689589 0.0621529 1
20 3.89286 6.27873 0.159366 20 -0.223692 0.68632 0.0478099 1
20 3.8664 6.35994 0.122589 20 -0.381946 0.612527 0.0367768 1
20 3.76207 6.52724 0.0942996 20 -0.402338 0.59933 0.0282899 1
20 3.74729 6.54927 0.0725382 20 -0.361089 0.62505 0.0217614 1
20 3.74723 6.54937 0.0557986 20 -0.340014 0.63676 0.0167396 1
20 3.73914 6.56453 0.042922 20 -0.317705 0.648179 0.0128766 1
20 3.73068 6.58178 0.0330169 20 -0.279625 0.665494 0.00990507 1
20 3.72243 6.60141 0.0253976 20 -0.292103 0.660112 0.00761929 1
20 3.71924 6.60863 0.0195366 20 -0.589986 0.41592 0.00586099 1
20 3.68054 6.63591 0.0150282 20 -0.0748588 -0.717962 0.00450845 1
20 3.66965 6.53148 0.0115601 20 -0.361593 -0.624759 0.00346804 1
20 3.65219 6.5013 0.00889241 20 -0.355619 -0.628178 0.00266772 1
20 3.64932 6.49624 0.00684032 20 -0.328835 -0.642605 0.0020521 1
20 3.62024 6.4394 0.00526178 20 -0.580233 0.42942 0.00157853 1
20 3.61474 6.44347 0.00404753 20 -0.673701 0.25923 0.00121426 1
20 3.57919 6.45715 0.00311348 20 -0.667558 0.274662 0.000934044 1
20 3.51392 6.48401 0.00239499 20 -0.692807 0.202711 0.000718496 1
20 3.44657 6.50371 0.0018423 20 -0.678902 0.245286 0.000552689 1
20 3.36919 6.53167 0.00141715 20 -0.667947 0.273715 0.000425145 1
20 3.28158 6.56757 0.00109012 20 -0.658955 0.294705 0.000327035 1
20 3.16075 6.62161 0.000838551 20 -0.661909 0.28801 0.000251565 1
20 3.13388 6.6333 0.000645039 20 -0.66773 0.274244 0.000193512 1
20 3.11188 6.64234 0.000496184 20 -0.676966 0.250578 0.000148855 1
20 2.99965 6.68388 0.00038168 20 -0.672785 0.261598 0.000114504 1
20 2.96312 6.69808 0.0002936 20 -0.68763 0.219632 8.808e-05 1
20 2.88996 6.72145 0.000225846 20 -0.68453 0.229111 6.77539e-05 1
20 2.88726 6.72235 0.000173728 20 -0.721447 -0.0242393 5.21183e-05 1
20 2.87472 6.72193 0.000133637 20 -0.720979 -0.0355278 4.0091e-05 1
20 2.86038 6.72123 0.000102798 20 -0.721627 -0.0180775 3.08393e-05 1
20 2.66507 6.71633 7.9075e-05 20 -0.721853 0.000626976 2.37225e-05 1
21 3.98068 6.08951 1 21 0.407643 0.592357 0 1
21 4.00327 6.12233 0.769231 21 0.414907 0.587292 0.230769 1
21 4.01232 6.13515 0.591716 21 0.396138 0.600112 0.177515 1
21 4.06648 6.2172 0.455166 21 0.403038 0.5955 0.13655 1
21 4.18702 6.39529 0.350128 21 0.394171 0.601406 0.105038 1
21 4.19256 6.40376 0.269329 21 0.390618 0.60372 0.0807987 1
21 4.23195 6.46464 0.207176 21 0.432896 0.574161 0.0621529 1
21 4.25811 6.49932 0.159366 21 0.415672 0.586751 0.0478099 1
21 4.30881 6.57089 0.122589 21 0.490958 0.525375 0.0367768 1
21 4.35519 6.62053 0.0942996 21 0.539122 0.475823 0.0282899 1
21 4.4749 6.72618 0.0725382 21 0.529939 0.486029 0.0217614 1
21 4.52491 6.77204 0.0557986 21 0.518093 0.498638 0.0167396 1
21 4.54421 6.79062 0.042922 21 0.420265 0.58347 0.0128766 1
21 4.5606 6.81338 0.0330169 21 0.430003 0.576331 0.00990507 1
21 4.56304 6.81665 0.0253976 21 0.44736 0.562964 0.00761929 1
21 4.60889 6.87435 0.0195366 21 0.439803 0.568887 0.00586099 1
21 4.61533 6.88268 0.0150282 21 0.282088 0.661427 0.00450845 1
21 4.61976 6.89305 0.0115601 21 0.287604 0.659047 0.00346804 1
21 4.65545 6.97485 0.00889241 21 0.0768349 0.714952 0.00266772 1
21 4.65719 6.99099 0.00684032 21 0.348061 0.629216 0.0020521 1
21 4.66952 7.01328 0.00526178 21 0.35542 0.625089 0.00157853 1
21 4.67512 7.02313 0.00404753 21 0.375643 0.613149 0.00121426 1
21 4.70548 7.07268 0.00311348 21 0.274246 0.664717 0.000934044 1
21 4.70729 7.07707 0.00239499 21 0.119453 0.709077 0.000718496 1
21 4.72347 7.1731 0.0018423 21 0.107985 0.710914 0.000552689 1
21 4.726 7.18979 0.00141715 21 0.116203 0.709617 0.000425145 1
21 4.73148 7.22327 0.00109012 21 0.126359 0.707879 0.000327035 1
21 4.73691 7.25368 0.000838551 21 0.545407 0.468605 0.000251565 1
21 4.85314 7.35354 0.000645039 21 0.611647 0.378085 0.000193512 1
21 4.96043 7.41987 0.000496184 21 0.629785 0.347031 0.000148855 1
21 5.04084 7.46417 0.00038168 21 0.607753 0.384313 0.000114504 1
21 5.12379 7.51663 0.0002936 21 0.617157 0.369021 8.808e-05 1
21 5.14374 7.52856 0.000225846 21 0.623927 0.357456 6.77539e-05 1
21 5.19009 7.55511 0.000173728 21 0.631809 0.343332 5.21183e-05 1
21 5.28171 7.6049 0.000133637 21 0.679654 0.234799 4.0091e-05 1
21 5.33601 7.62365 0.000102798 21 0.67533 0.24696 3.08393e-05 1
21 5.41786 7.65359 7.9075e-05 21 0.667892 0.26642 2.37225e-05 1
22 4.00003 6.03351 1 22 -0.128903 -0.871097 0 1
22 3.9518 5.70758 0.769231 22 -0.106073 -0.874171 0.230769 1
22 3.92948 5.52361 0.591716 22 -0.0904089 -0.875929 0.177515 1
22 3.92881 5.51712 0.455166 22 -0.11223 -0.873401 0.13655 1
22 3.90888 5.36203 0.350128 22 -0.134051 -0.870319 0.105038 1
22 3.90802 5.35642 0.269329 22 -0.879484 0.0439713 0.0807987 1
22 3.86171 5.35874 0.207176 22 -0.879701 -0.0394012 0.0621529 1
22 3.77029 5.35464 0.159366 22 -0.845821 -0.244974 0.0478099 1
22 3.6668 5.32467 0.122589 22 -0.826708 -0.303282 0.0367768 1
22 3.61799 5.30677 0.0942996 22 -0.820545 -0.319581 0.0282899 1
22 3.51608 5.26707 0.0725382 22 -0.824951 -0.308027 0.0217614 1
22 3.48395 5.25508 0.0557986 22 -0.838135 -0.270103 0.0167396 1
22 3.16621 5.15268 0.042922 22 -0.824274 -0.309836 0.0128766 1
22 3.15321 5.14779 0.0330169 22 -0.870131 0.135268 0.00990507 1
22 3.14035 5.14979 0.0253976 22 -0.864347 0.168314 0.00761929 1
22 3.00996 5.17518 0.0195366 22 -0.797566 0.373248 0.00586099 1
22 2.93203 5.21165 0.0150282 22 -0.781965 0.404915 0.00450845 1
22 2.87139 5.24305 0.0115601 22 -0.794785 0.379133 0.00346804 1
22 2.84191 5.25712 0.00889241 22 0.855462 0.208831 0.00266772 1
22 2.94637 5.28262 0.00684032 22 0.852621 0.220142 0.0020521 1
22 3.04508 5.30811 0.00526178 22 0.849469 0.23201 0.00157853 1
22 3.23778 5.36074 0.00404753 22 0.856513 0.204477 0.00121426 1
22 3.34408 5.38612 0.00311348 22 0.84644 0.242826 0.000934044 1
22 3.41448 5.40631 0.00239499 22 0.793421 0.381979 0.000718496 1
22 3.49334 5.44428 0.0018423 22 0.797088 0.374269 0.000552689 1
22 3.57875 5.48438 0.00141715 22 0.781175 0.406438 0.000425145 1
22 3.77161 5.58472 0.00109012 22 0.778691 0.411177 0.000327035 1
22 3.79693 5.5981 0.000838551 22 0.789278 0.39047 0.000251565 1
22 3.80445 5.60181 0.000645039 22 0.780653 0.40744 0.000193512 1
22 3.81065 5.60505 0.000496184 22 0.771568 0.424392 0.000148855 1
22 3.89555 5.65175 0.00038168 22 0.737802 0.480701 0.000114504 1
22 3.90755 5.65957 0.0002936 22 0.82 0.320976 8.808e-05 1
22 3.95781 5.67924 0.000225846 22 0.826879 0.302814 6.77539e-05 1
22 4.05596 5.71519 0.000173728 22 0.865554 0.161992 5.21183e-05 1
22 4.09124 5.72179 0.000133637 22 0.855941 0.206858 4.0091e-05 1
22 4.0913 5.7218 0.000102798 22 0.838864 0.267829 3.08393e-05 1
22 4.09187 5.72198 7.9075e-05 22 0.866237 0.158299 2.37225e-05 1
22 4.1398 5.73074 6.08269e-05 22 0.794793 -0.379117 1.82481e-05 1
23 4.00374 6.00881 1 23 -0.3555 -0.6445 0 1
23 3.98279 5.97083 0.769231 23 -0.403516 -0.615577 0.230769 1
23 3.97163 5.95381 0.591716 23 -0.292836 -0.675283 0.177515 1
23 3.97091 5.95214 0.455166 23 -0.268585 -0.68529 0.13655 1
23 3.95439 5.90999 0.350128 23 -0.404717 -0.614788 0.105038 1
23 3.92567 5.86636 0.269329 23 -0.454082 -0.579284 0.0807987 1
23 3.83865 5.75535 0.207176 23 -0.434013 -0.594468 0.0621529 1
23 3.82095 5.73111 0.159366 23 -0.440889 -0.589387 0.0478099 1
23 3.76874 5.66131 0.122589 23 -0.279468 -0.680924 0.0367768 1
23 3.76074 5.64183 0.0942996 23 -0.373014 -0.634524 0.0282899 1
23 3.74744 5.61919 0.0725382 23 -0.359057 -0.642525 0.0217614 1
23 3.74495 5.61474 0.0557986 23 -0.414077 -0.608523 0.0167396 1
23 3.73143 5.59487 0.042922 23 -0.445962 -0.585558 0.0128766 1
23 3.68688 5.53638 0.0330169 23 -0.474591 -0.562604 0.00990507 1
23 3.65173 5.49471 0.0253976 23 -0.532179 -0.508474 0.00761929 1
23 3.5348 5.38299 0.0195366 23 -0.556699 -0.481504 0.00586099 1
23 3.46697 5.32432 0.0150282 23 -0.535019 -0.505485 0.00450845 1
23 3.42142 5.28129 0.0115601 23 -0.560423 -0.477165 0.00346804 1
23 3.41881 5.27907 0.00889241 23 -0.543541 -0.49631 0.00266772 1
23 3.38479 5.248 0.00684032 23 -0.541711 -0.498307 0.0020521 1
23 3.36363 5.22854 0.00526178 23 -0.545889 -0.493726 0.00157853 1
23 3.29412 5.16566 0.00404753 23 -0.523915 -0.516985 0.00121426 1
23 3.24971 5.12184 0.00311348 23 -0.51028 -0.530447 0.000934044 1
23 3.22067 5.09165 0.00239499 23 -0.480208 -0.557818 0.000718496 1
23 3.17252 5.03573 0.0018423 23 -0.722156 -0.142308 0.000552689 1
23 3.09252 5.01996 0.00141715 23 -0.697755 -0.234304 0.000425145 1
23 3.08362 5.01697 0.00109012 23 -0.706385 -0.206834 0.000327035 1
23 3.04302 5.00509 0.000838551 23 -0.720282 -0.151506 0.000251565 1
23 3.02909 5.00216 0.000645039 23 -0.718871 -0.158065 0.000193512 1
23 2.93583 4.98165 0.000496184 23 -0.684311 -0.271069 0.000148855 1
23 2.89403 4.96509 0.00038168 23 -0.672191 -0.299865 0.000114504 1
23 2.76418 4.90717 0.0002936 23 -0.651899 -0.341742 8.808e-05 1
23 2.70696 4.87717 0.000225846 23 -0.66497 -0.315556 6.77539e-05 1
23 2.6921 4.87012 0.000173728 23 -0.678955 -0.284218 5.21183e-05 1
23 2.66234 4.85766 0.000133637 23 -0.692234 -0.250145 4.0091e-05 1
23 2.65419 4.85472 0.000102798 23 -0.69345 -0.246752 3.08393e-05 1
23 2.62207 4.84329 7.9075e-05 23 -0.676891 -0.2891 2.37225e-05 1
23 2.59146 4.83021 6.08269e-05 23 -0.718643 0.159099 1.82481e-05 1
23 2.49961 4.85055 4.679e-05 23 -0.720246 0.151678 1.4037e-05 1
24 4.00288 5.99952 1 24 -0.316516 0.683484 0 1
24 3.98594 6.03611 0.769231 24 -0.351637 0.666096 0.230769 1
24 3.97104 6.06434 0.591716 24 -0.323686 0.680118 0.177515 1
24 3.96573 6.07549 0.455166 24 -0.336714 0.673763 0.13655 1
24 3.95936 6.08825 0.350128 24 -0.309536 0.686673 0.105038 1
24 3.90348 6.21221 0.269329 24 -0.398884 0.638924 0.0807987 1
24 3.9029 6.21313 0.207176 24 -0.359535 0.661867 0.0621529 1
24 3.8963 6.22528 0.159366 24 -0.254879 0.708781 0.0478099 1
24 3.87165 6.29384 0.122589 24 -0.310605 0.68619 0.0367768 1
24 3.81215 6.42527 0.0942996 24 -0.304441 0.688948 0.0282899 1
24 3.81153 6.42668 0.0725382 24 -0.233637 0.716063 0.0217614 1
24 3.77518 6.5381 0.0557986 24 -0.38182 0.649266 0.0167396 1
24 3.76149 6.56138 0.042922 24 -0.446897 0.606314 0.0128766 1
24 3.71028 6.63086 0.0330169 24 -0.412998 0.629893 0.00990507 1
24 3.69821 6.64927 0.0253976 24 -0.382175 0.649057 0.00761929 1
24 3.69301 6.6581 0.0195366 24 -0.400767 0.637745 0.00586099 1
24 3.65414 6.71996 0.0150282 24 -0.383702 0.648155 0.00450845 1
24 3.61474 6.7865 0.0115601 24 -0.397255 0.639938 0.00346804 1
24 3.59894 6.81196 0.00889241 24 -0.389196 0.644872 0.00266772 1
24 3.5642 6.86952 0.00684032 24 -0.368875 0.656707 0.0020521 1
24 3.55825 6.88012 0.00526178 24 -0.348137 0.667932 0.00157853 1
24 3.51452 6.96401 0.00404753 24 -0.327626 0.678229 0.00121426 1
24 3.50393 6.98593 0.00311348 24 -0.365976 0.658327 0.000934044 1
24 3.40844 7.1577 0.00239499 24 -0.3487 0.667638 0.000718496 1
24 3.36218 7.24628 0.0018423 24 -0.333302 0.675457 0.000552689 1
24 3.34914 7.27271 0.00141715 24 -0.331823 0.676185 0.000425145 1
24 3.32189 7.32822 0.00109012 24 -0.346764 0.668646 0.000327035 1
24 3.27675 7.41527 0.000838551 24 -0.315975 0.683734 0.000251565 1
24 3.22689 7.52316 0.000645039 24 -0.293871 0.693522 0.000193512 1
24 3.21506 7.55107 0.000496184 24 -0.31144 0.685812 0.000148855 1
24 3.19912 7.58618 0.00038168 24 -0.317665 0.682951 0.000114504 1
24 3.19262 7.60015 0.0002936 24 -0.333656 0.675283 8.808e-05 1
24 3.18633 7.61288 0.000225846 24 -0.283632 0.697772 6.77539e-05 1
24 3.17882 7.63136 0.000173728 24 -0.352342 0.665724 5.21183e-05 1
24 3.15351 7.67919 0.000133637 24 -0.270485 0.702973 4.0091e-05 1
24 3.14543 7.70017 0.000102798 24 -0.247339 0.711447 3.08393e-05 1
24 3.13338 7.73484 7.9075e-05 24 -0.241701 0.713382 2.37225e-05 1
25 3.99439 6.00011 1 25 0.638618 0.361382 0 1
25 4.03021 6.02038 0.769231 25 0.620869 0.39109 0.230769 1
25 4.09944 6.06399 0.591716 25 0.586602 0.440827 0.177515 1
25 4.14419 6.09762 0.455166 25 0.63066 0.375097 0.13655 1
25 4.16576 6.11045 0.350128 25 0.590532 0.435549 0.105038 1
25 4.20366 6.1384 0.269329 25 0.60295 0.418188 0.0807987 1
25 4.21986 6.14963 0.207176 25 0.522588 0.515104 0.0621529 1
25 4.22677 6.15644 0.159366 25 0.527015 0.510573 0.0478099 1
25 4.24669 6.17575 0.122589 25 0.567788 0.464808 0.0367768 1
25 4.31824 6.23432 0.0942996 25 0.568967 0.463364 0.0282899 1
25 4.33883 6.25109 0.0725382 25 0.596666 0.427107 0.0217614 1
25 4.34891 6.2583 0.0557986 25 0.587246 0.439969 0.0167396 1
25 4.40218 6.29822 0.042922 25 0.588292 0.438569 0.0128766 1
25 4.42328 6.31395 0.0330169 25 0.56981 0.462327 0.00990507 1
25 4.42923 6.31877 0.0253976 25 0.579082 0.450659 0.00761929 1
25 4.43509 6.32333 0.0195366 25 0.59323 0.431867 0.00586099 1
25 4.46571 6.34562 0.0150282 25 0.578759 0.451075 0.00450845 1
25 4.48209 6.35839 0.0115601 25 0.564679 0.468581 0.00346804 1
25 4.4986 6.37209 0.00889241 25 0.580015 0.449458 0.00266772 1
25 4.5759 6.43199 0.00684032 25 0.56745 0.465221 0.0020521 1
25 4.64538 6.48895 0.00526178 25 0.572081 0.459514 0.00157853 1
25 4.65018 6.49281 0.00404753 25 0.574152 0.456924 0.00121426 1
25 4.65899 6.49982 0.00311348 25 0.583798 0.444533 0.000934044 1
25 4.69572 6.52778 0.00239499 25 0.625416 0.383777 0.000718496 1
25 4.72368 6.54494 0.0018423 25 0.629017 0.377846 0.000552689 1
25 4.75174 6.5618 0.00141715 25 0.654072 0.332596 0.000425145 1
25 4.77471 6.57348 0.00109012 25 0.649695 0.341066 0.000327035 1
25 4.78731 6.58009 0.000838551 25 0.694349 0.237297 0.000251565 1
25 4.80324 6.58554 0.000645039 25 0.697923 0.22657 0.000193512 1
25 5.06992 6.67211 0.000496184 25 0.688473 0.253841 0.000148855 1
25 5.07813 6.67514 0.00038168 25 0.700547 0.21832 0.000114504 1
25 5.17616 6.70569 0.0002936 25 0.704177 0.206312 8.808e-05 1
25 5.26888 6.73285 0.000225846 25 0.706616 0.197797 6.77539e-05 1
25 5.30166 6.74203 0.000173728 25 0.716471 0.158428 5.21183e-05 1
25 5.32798 6.74785 0.000133637 25 0.724371 0.117121 4.0091e-05 1
25 5.39708 6.75902 0.000102798 25 0.72972 0.07706 3.08393e-05 1
25 5.41209 6.76061 7.9075e-05 25 0.732518 0.0429833 2.37225e-05 1
26 4.05094 6.06735 1 26 -0.569664 0.430336 0 1
26 3.95444 6.14024 0.769231 26 -0.560678 0.44198 0.230769 1
26 3.91497 6.17136 0.591716 26 -0.564956 0.436498 0.177515 1
26 3.89199 6.18912 0.455166 26 -0.560355 0.44239 0.13655 1
26 3.8869 6.19314 0.350128 26 -0.526783 0.481878 0.105038 1
26 3.88363 6.19613 0.269329 26 -0.450876 0.55355 0.0807987 1
26 3.87118 6.2114 0.207176 26 -0.443439 0.559525 0.0621529 1
26 3.86295 6.22179 0.159366 26 -0.415521 0.580559 0.0478099 1
26 3.85669 6.23054 0.122589 26 -0.409782 0.584624 0.0367768 1
26 3.83473 6.26187 0.0942996 26 -0.349733 0.622409 0.0282899 1
26 3.79633 6.33021 0.0725382 26 -0.434478 0.566512 0.0217614 1
26 3.77969 6.35191 0.0557986 26 -0.478445 0.529902 0.0167396 1
26 3.7695 6.3632 0.042922 26 -0.485001 0.523909 0.0128766 1
26 3.6777 6.46235 0.0330169 26 -0.505412 0.504246 0.00990507 1
26 3.63157 6.50838 0.0253976 26 -0.514384 0.495091 0.00761929 1
26 3.62333 6.51631 0.0195366 26 -0.54372 0.462683 0.00586099 1
26 3.60597 6.53108 0.0150282 26 -0.553081 0.45145 0.00450845 1
26 3.51937 6.60177 0.0115601 26 -0.579815 0.416558 0.00346804 1
26 3.47631 6.6327 0.00889241 26 0.0644352 0.711023 0.00266772 1
26 3.47981 6.67128 0.00684032 26 0.0251961 0.713492 0.0020521 1
26 3.47997 6.67574 0.00526178 26 0.104348 0.70627 0.00157853 1
26 3.48623 6.71812 0.00404753 26 0.111139 0.705234 0.00121426 1
26 3.48636 6.71897 0.00311348 26 0.131853 0.701656 0.000934044 1
26 3.50162 6.80018 0.00239499 26 0.111423 0.705189 0.000718496 1
26 3.50209 6.80311 0.0018423 26 0.0996643 0.706946 0.000552689 1
26 3.50755 6.84189 0.00141715 26 0.121431 0.703534 0.000425145 1
26 3.51006 6.8564 0.00109012 26 -0.68892 -0.187337 0.000327035 1
26 3.44873 6.83973 0.000838551 26 -0.69528 -0.162148 0.000251565 1
26 3.42538 6.83428 0.000645039 26 -0.703555 -0.121309 0.000193512 1
26 3.36742 6.82429 0.000496184 26 -0.708 -0.091885 0.000148855 1
26 3.31767 6.81783 0.00038168 26 -0.706875 -0.10017 0.000114504 1
26 3.22079 6.8041 0.0002936 26 -0.697743 -0.1512 8.808e-05 1
26 3.17959 6.79517 0.000225846 26 -0.697405 -0.152751 6.77539e-05 1
26 3.17075 6.79324 0.000173728 26 -0.691992 -0.175653 5.21183e-05 1
26 3.16577 6.79197 0.000133637 26 -0.695105 -0.162897 4.0091e-05 1
26 3.10047 6.77667 0.000102798 26 -0.689563 -0.184957 3.08393e-05 1
26 2.8617 6.71262 7.9075e-05 26 -0.69056 -0.1812 2.37225e-05 1
27 4.00908 6.01836 1 27 0.354116 0.645884 0 1
27 4.01284 6.02523 0.769231 27 0.417593 0.606778 0.230769 1
27 4.01491 6.02823 0.591716 27 0.487248 0.552407 0.177515 1
27 4.05263 6.07099 0.455166 27 0.489605 0.550319 0.13655 1
27 4.12094 6.14777 0.350128 27 0.448801 0.584073 0.105038 1
27 4.21368 6.26847 0.269329 27 0.452716 0.581044 0.0807987 1
27 4.25616 6.32299 0.207176 27 -0.0588249 0.734237 0.0621529 1
27 4.25473 6.34085 0.159366 27 -0.0477646 0.735039 0.0478099 1
27 4.24613 6.47317 0.122589 27 -0.0891882 0.73117 0.0367768 1
27 4.23635 6.55334 0.0942996 27 -0.199968 0.708926 0.0282899 1
27 4.23607 6.55432 0.0725382 27 -0.209247 0.706243 0.0217614 1
27 4.20285 6.66646 0.0557986 27 -0.219756 0.703044 0.0167396 1
27 4.19575 6.68917 0.042922 27 -0.206796 0.706965 0.0128766 1
27 4.17274 6.76784 0.0330169 27 -0.221568 0.702476 0.00990507 1
27 4.14467 6.85683 0.0253976 27 -0.208947 0.706332 0.00761929 1
27 4.10599 6.98757 0.0195366 27 0.112248 0.727987 0.00586099 1
27 4.11241 7.02917 0.0150282 27 0.126902 0.725576 0.00450845 1
27 4.11509 7.04453 0.0115601 27 0.144034 0.72237 0.00346804 1
27 4.12352 7.08678 0.00889241 27 0.14177 0.722818 0.00266772 1
27 4.13642 7.15253 0.00684032 27 0.134951 0.724122 0.0020521 1
27 4.14322 7.18906 0.00526178 27 0.152614 0.720606 0.00157853 1
27 4.14355 7.19058 0.00404753 27 0.161434 0.718681 0.00121426 1
27 4.14797 7.21029 0.00311348 27 0.127554 0.725461 0.000934044 1
27 4.15211 7.23381 0.00239499 27 0.144482 0.72228 0.000718496 1
27 4.1597 7.27177 0.0018423 27 0.159199 0.71918 0.000552689 1
27 4.16117 7.2784 0.00141715 27 0.166012 0.717638 0.000425145 1
27 4.18498 7.38133 0.00109012 27 0.127124 0.725537 0.000327035 1
27 4.18669 7.39111 0.000838551 27 0.118137 0.727054 0.000251565 1
27 4.19284 7.42892 0.000645039 27 0.179337 0.714424 0.000193512 1
27 4.19886 7.45292 0.000496184 27 0.121068 0.726572 0.000148855 1
27 4.24496 7.72956 0.00038168 27 0.634293 0.374482 0.000114504 1
27 4.26423 7.74094 0.0002936 27 -0.586901 0.445097 8.808e-05 1
27 4.179 7.80558 0.000225846 27 -0.582282 0.451123 6.77539e-05 1
27 4.16427 7.81699 0.000173728 27 -0.578487 0.455979 5.21183e-05 1
27 3.9939 7.95128 0.000133637 27 -0.573116 0.462712 4.0091e-05 1
27 3.98658 7.95719 0.000102798 27 -0.568637 0.468205 3.08393e-05 1
27 3.96542 7.97461 7.9075e-05 27 -0.577426 0.457322 2.37225e-05 1
28 4.03195 6.02234 1 28 -0.464255 -0.535745 0 1
28 4.00683 5.99335 0.769231 28 -0.590522 -0.392224 0.230769 1
28 3.9701 5.96895 0.591716 28 -0.598722 -0.379589 0.177515 1
28 3.951 5.95684 0.455166 28 -0.707687 0.0416439 0.13655 1
28 3.8803 5.961 0.350128 28 -0.706813 0.0545016 0.105038 1
28 3.87095 5.96172 0.269329 28 -0.705039 0.0739927 0.0807987 1
28 3.81202 5.96791 0.207176 28 -0.706456 0.0589493 0.0621529 1
28 3.80533 5.96847 0.159366 28 -0.70874 0.0155904 0.0478099 1
28 3.79793 5.96863 0.122589 28 -0.708457 0.0253905 0.0367768 1
28 3.75757 5.97008 0.0942996 28 -0.706992 0.0521301 0.0282899 1
28 3.74477 5.97102 0.0725382 28 -0.700089 -0.111493 0.0217614 1
28 3.65 5.95593 0.0557986 28 -0.697912 -0.124398 0.0167396 1
28 3.60127 5.94724 0.042922 28 -0.7004 -0.109522 0.0128766 1
28 3.52853 5.93587 0.0330169 28 -0.698588 -0.120542 0.00990507 1
28 3.49999 5.93094 0.0253976 28 -0.702617 -0.0942592 0.00761929 1
28 3.46172 5.92581 0.0195366 28 -0.708859 -0.00860583 0.00586099 1
28 3.39521 5.925 0.0150282 28 -0.70724 -0.0486451 0.00450845 1
28 3.39312 5.92486 0.0115601 28 -0.694102 -0.144147 0.00346804 1
28 3.37135 5.92034 0.00889241 28 -0.696348 -0.132872 0.00266772 1
28 3.34429 5.91517 0.00684032 28 -0.689395 -0.165195 0.0020521 1
28 3.34148 5.9145 0.00526178 28 -0.686359 -0.177387 0.00157853 1
28 3.30175 5.90423 0.00404753 28 -0.702027 -0.0985599 0.00121426 1
28 3.28423 5.90177 0.00311348 28 -0.59325 -0.388086 0.000934044 1
28 3.21837 5.85868 0.00239499 28 -0.594932 -0.385501 0.000718496 1
28 3.21545 5.85679 0.0018423 28 -0.62584 -0.332986 0.000552689 1
28 3.18595 5.8411 0.00141715 28 -0.639751 -0.305409 0.000425145 1
28 3.14651 5.82227 0.00109012 28 -0.634115 -0.316943 0.000327035 1
28 3.13518 5.81661 0.000838551 28 -0.637377 -0.310332 0.000251565 1
28 3.1327 5.8154 0.000645039 28 -0.612374 -0.357147 0.000193512 1
28 3.06482 5.77581 0.000496184 28 -0.605504 -0.368674 0.000148855 1
28 3.0318 5.7557 0.00038168 28 -0.575415 -0.414069 0.000114504 1
28 2.97984 5.71832 0.0002936 28 -0.543635 -0.45499 8.808e-05 1
28 2.95402 5.69671 0.000225846 28 -0.549228 -0.448223 6.77539e-05 1
28 2.94755 5.69142 0.000173728 28 -0.620834 -0.342229 5.21183e-05 1
28 2.90253 5.66661 0.000133637 28 -0.618538 -0.346362 4.0091e-05 1
28 2.81686 5.61863 0.000102798 28 -0.609627 -0.361815 3.08393e-05 1
28 2.77296 5.59258 7.9075e-05 28 -0.616623 -0.34976 2.37225e-05 1
29 4.02144 5.95519 1 29 -0.113387 0.886613 0 1
29 4.01913 5.97328 0.769231 29 -0.106616 0.887453 0.230769 1
29 4.01655 5.99472 0.591716 29 -0.0380735 0.893023 0.177515 1
29 4.01448 6.04336 0.455166 29 -0.0444626 0.892728 0.13655 1
29 4.01039 6.12551 0.350128 29 -0.0505486 0.892404 0.105038 1
29 4.00606 6.202 0.269329 29 -0.0440421 0.892748 0.0807987 1
29 4.00245 6.2751 0.207176 29 -0.0910726 0.889182 0.0621529 1
29 3.99155 6.38155 0.159366 29 0.000379018 0.893834 0.0478099 1
29 3.99157 6.42782 0.122589 29 0.0381852 0.893018 0.0367768 1
29 3.99296 6.46043 0.0942996 29 0.0554414 0.892113 0.0282899 1
29 4.00741 6.69286 0.0725382 29 0.0647966 0.891482 0.0217614 1
29 4.00754 6.69462 0.0557986 29 0.0229124 0.89354 0.0167396 1
29 4.00832 6.72519 0.042922 29 -0.00080326 0.893834 0.0128766 1
29 4.00831 6.73898 0.0330169 29 -0.0667194 0.891341 0.00990507 1
29 3.99734 6.8855 0.0253976 29 0.255643 0.856496 0.00761929 1
29 4.00343 6.9059 0.0195366 29 0.286218 0.84677 0.00586099 1
29 4.02614 6.9731 0.0150282 29 0.325347 0.83252 0.00450845 1
29 4.09553 7.15066 0.0115601 29 0.349601 0.822629 0.00346804 1
29 4.11797 7.20345 0.00889241 29 0.672593 0.588692 0.00266772 1
29 4.13883 7.22171 0.00684032 29 0.680244 0.579834 0.0020521 1
29 4.23736 7.3057 0.00526178 29 0.799673 0.399327 0.00157853 1
29 4.27578 7.32488 0.00404753 29 0.790458 0.417272 0.00121426 1
29 4.34849 7.36326 0.00311348 29 0.781963 0.432982 0.000934044 1
29 4.35464 7.36667 0.00239499 29 0.7242 0.523902 0.000718496 1
29 4.43086 7.42181 0.0018423 29 0.774092 0.446902 0.000552689 1
29 4.43292 7.423 0.00141715 29 0.756195 0.476559 0.000425145 1
29 4.43759 7.42594 0.00109012 29 0.759242 0.47169 0.000327035 1
29 4.4469 7.43173 0.000838551 29 0.777331 0.441244 0.000251565 1
29 4.46126 7.43988 0.000645039 29 0.775489 0.444473 0.000193512 1
29 4.65595 7.55146 0.000496184 29 0.765605 0.46129 0.000148855 1
29 4.73789 7.60083 0.00038168 29 0.740022 0.501306 0.000114504 1
29 4.76652 7.62023 0.0002936 29 0.694421 0.562778 8.808e-05 1
29 4.7756 7.62758 0.000225846 29 0.192761 -0.872802 6.77539e-05 1
29 4.78363 7.59122 0.000173728 29 0.146249 -0.881788 5.21183e-05 1
29 4.80778 7.44557 0.000133637 29 0.0573954 -0.891989 4.0091e-05 1
29 4.81394 7.34992 0.000102798 29 -0.0240077 -0.893512 3.08393e-05 1
29 4.8106 7.2258 7.9075e-05 29 -0.052774 -0.892275 2.37225e-05 1
30 4.02871 6.0025 1 30 -0.972087 -0.0279132 0 1
30 3.94163 6 0.769231 30 -0.972389 -0.0138639 0.230769 1
30 3.89272 5.9993 0.591716 30 -0.971137 -0.0512371 0.177515 1
30 3.85645 5.99739 0.455166 30 -0.963874 -0.129144 0.13655 1
30 3.84874 5.99635 0.350128 30 -0.966931 -0.10381 0.105038 1
30 3.81592 5.99283 0.269329 30 -0.963107 -0.134748 0.0807987 1
30 3.7868 5.98876 0.207176 30 -0.971556 -0.0425555 0.0621529 1
30 3.7656 5.98783 0.159366 30 -0.96845 -0.0885198 0.0478099 1
30 3.57115 5.97005 0.122589 30 -0.971881 0.0343496 0.0367768 1
30 3.4294 5.97506 0.0942996 30 -0.971375 0.0465021 0.0282899 1
30 3.42003 5.97551 0.0725382 30 -0.9586 0.163763 0.0217614 1
30 3.39703 5.97944 0.0557986 30 -0.944812 0.230351 0.0167396 1
30 3.39029 5.98109 0.042922 30 -0.955043 0.183371 0.0128766 1
30 3.35486 5.98789 0.0330169 30 -0.882876 0.407751 0.00990507 1
30 3.33283 5.99807 0.0253976 30 -0.879758 0.414437 0.00761929 1
30 3.29078 6.01788 0.0195366 30 -0.891952 0.387496 0.00586099 1
30 3.11637 6.09364 0.0150282 30 -0.884214 0.404843 0.00450845 1
30 3.11402 6.09472 0.0115601 30 -0.889694 0.392652 0.00346804 1
30 3.09088 6.10493 0.00889241 30 -0.912301 0.336805 0.00266772 1
30 2.94255 6.15969 0.00684032 30 -0.90912 0.345301 0.0020521 1
30 2.91522 6.17007 0.00526178 30 -0.897681 0.374032 0.00157853 1
30 2.84699 6.1985 0.00404753 30 -0.929585 0.285664 0.00121426 1
30 2.78726 6.21686 0.00311348 30 -0.933494 0.272618 0.000934044 1
30 2.72891 6.2339 0.00239499 30 -0.95805 0.166948 0.000718496 1
30 2.59999 6.25636 0.0018423 30 -0.962559 0.138604 0.000552689 1
30 2.59612 6.25692 0.00141715 30 -0.967888 -0.0944737 0.000425145 1
30 2.56979 6.25435 0.00109012 30 -0.96972 -0.0733189 0.000327035 1
30 2.52006 6.25059 0.000838551 30 -0.965862 -0.113325 0.000251565 1
30 2.38449 6.23468 0.000645039 30 -0.968527 -0.0876795 0.000193512 1
30 2.35732 6.23222 0.000496184 30 -0.970648 -0.059788 0.000148855 1
30 2.26749 6.22669 0.00038168 30 -0.972053 -0.0290657 0.000114504 1
30 2.12701 6.22249 0.0002936 30 -0.971888 -0.0341416 8.808e-05 1
30 2.08402 6.22098 0.000225846 30 -0.972471 0.00561395 6.77539e-05 1
30 2.07895 6.22101 0.000173728 30 -0.972376 -0.0147018 5.21183e-05 1
30 1.82278 6.21714 0.000133637 30 -0.97248 0.00383987 4.0091e-05 1
30 1.7388 6.21747 0.000102798 30 -0.972487 -0.000831974 3.08393e-05 1
30 1.65526 6.2174 7.9075e-05 30 -0.971778 0.0371266 2.37225e-05 1

