1 3.98543 6.0014 1 1 -0.371858 -0.628142 0 1
1 3.96628 5.96904 0.769231 1 -0.349584 -0.640806 0.230769 1
1 3.92437 5.89222 0.591716 1 -0.271574 -0.677561 0.177515 1
1 3.86744 5.75019 0.455166 1 -0.241479 -0.68886 0.13655 1
1 3.85276 5.70832 0.350128 1 -0.219953 -0.696033 0.105038 1
1 3.85052 5.70122 0.269329 1 -0.297518 -0.666576 0.0807987 1
1 3.84847 5.69662 0.207176 1 -0.399562 -0.610894 0.0621529 1
1 3.84162 5.68616 0.159366 1 -0.385956 -0.61958 0.0478099 1
1 3.8395 5.68274 0.122589 1 -0.365192 -0.632041 0.0367768 1
1 3.82688 5.66091 0.0942996 1 -0.37275 -0.627613 0.0282899 1
1 3.82677 5.66072 0.0725382 1 -0.407556 -0.60559 0.0217614 1
1 3.80862 5.63376 0.0557986 1 -0.512527 -0.519766 0.0167396 1
1 3.76705 5.59159 0.042922 1 -0.502516 -0.529451 0.0128766 1
1 3.75156 5.57527 0.0330169 1 -0.510252 -0.522 0.00990507 1
1 3.74404 5.56758 0.0253976 1 -0.492745 -0.538557 0.00761929 1
1 3.73304 5.55556 0.0195366 1 -0.50072 -0.53115 0.00586099 1
1 3.65467 5.47243 0.0150282 1 -0.46041 -0.566448 0.00450845 1
1 3.64196 5.4568 0.0115601 1 -0.412222 -0.602423 0.00346804 1
1 3.57883 5.36452 0.00889241 1 -0.451227 -0.57379 0.00266772 1
1 3.46633 5.22148 0.00684032 1 -0.459211 -0.56742 0.0020521 1
1 3.44301 5.19266 0.00526178 1 -0.477608 -0.552025 0.00157853 1
1 3.43282 5.18088 0.00404753 1 -0.529866 -0.502078 0.00121426 1
1 3.39976 5.14956 0.00311348 1 -0.547412 -0.482888 0.000934044 1
1 3.27018 5.03525 0.00239499 1 -0.571159 -0.454553 0.000718496 1
1 3.18685 4.96893 0.0018423 1 -0.569786 -0.456273 0.000552689 1
1 3.17041 4.95577 0.00141715 1 -0.562857 -0.464793 0.000425145 1
1 2.97373 4.79335 0.00109012 1 -0.634296 -0.361261 0.000327035 1
1 2.93466 4.7711 0.000838551 1 -0.638179 -0.354357 0.000251565 1
1 2.92019 4.76307 0.000645039 1 -0.635133 -0.359787 0.000193512 1
1 2.91385 4.75948 0.000496184 1 -0.723873 -0.0940706 0.000148855 1
1 2.8824 4.75539 0.00038168 1 -0.728232 -0.0501836 0.000114504 1
1 2.83956 4.75244 0.0002936 1 -0.727884 -0.0550131 8.808e-05 1
1 2.80068 4.7495 0.000225846 1 -0.728568 -0.0450495 6.77539e-05 1
1 2.76619 4.74737 0.000173728 1 -0.725236 -0.0829047 5.21183e-05 1
1 2.75192 4.74573 0.000133637 1 -0.729946 0.00445603 4.0091e-05 1
1 2.68398 4.74615 0.000102798 1 -0.713472 0.154267 3.08393e-05 1
1 2.66256 4.75078 7.9075e-05 1 -0.710585 0.167062 2.37225e-05 1
2 4.01876 5.90912 1 2 0.808644 -0.191356 0 1
2 4.06364 5.8985 0.769231 2 0.813817 -0.168 0.230769 1
2 4.10124 5.89074 0.591716 2 0.817514 -0.148974 0.177515 1
2 4.20427 5.87196 0.455166 2 0.804676 -0.207412 0.13655 1
2 4.20673 5.87132 0.350128 2 0.16414 -0.814605 0.105038 1
2 4.21122 5.84905 0.269329 2 0.183009 -0.810574 0.0807987 1
2 4.22646 5.78158 0.207176 2 0.128311 -0.821011 0.0621529 1
2 4.22996 5.75917 0.159366 2 0.100249 -0.824908 0.0478099 1
2 4.23248 5.73838 0.122589 2 0.0726257 -0.827797 0.0367768 1
2 4.23403 5.72081 0.0942996 2 0.257555 -0.790056 0.0282899 1
2 4.26364 5.62996 0.0725382 2 0.514864 -0.652256 0.0217614 1
2 4.32061 5.55779 0.0557986 2 0.530834 -0.639327 0.0167396 1
2 4.34795 5.52487 0.042922 2 0.465875 -0.688101 0.0128766 1
2 4.34994 5.52192 0.0330169 2 0.260864 -0.788969 0.00990507 1
2 4.35793 5.49776 0.0253976 2 0.242305 -0.794865 0.00761929 1
2 4.40449 5.34504 0.0195366 2 0.0469837 -0.829648 0.00586099 1
2 4.40698 5.30096 0.0150282 2 0.0213167 -0.830704 0.00450845 1
2 4.40954 5.20135 0.0115601 2 0.00562633 -0.830958 0.00346804 1
2 4.40979 5.16483 0.00889241 2 -0.165798 -0.814269 0.00266772 1
2 4.40455 5.13914 0.00684032 2 -0.0706223 -0.827971 0.0020521 1
2 4.39973 5.08255 0.00526178 2 -0.45343 -0.696365 0.00157853 1
2 4.39024 5.06797 0.00404753 2 -0.741461 -0.375178 0.00121426 1
2 4.38903 5.06736 0.00311348 2 -0.63193 -0.539617 0.000934044 1
2 4.33358 5.02001 0.00239499 2 -0.645629 -0.52315 0.000718496 1
2 4.30484 4.99672 0.0018423 2 -0.652137 -0.515014 0.000552689 1
2 4.25871 4.96029 0.00141715 2 -0.656952 -0.508859 0.000425145 1
2 4.24161 4.94705 0.00109012 2 -0.651067 -0.516367 0.000327035 1
2 4.16219 4.88406 0.000838551 2 -0.639941 -0.530093 0.000251565 1
2 4.11262 4.843 0.000645039 2 -0.646142 -0.522517 0.000193512 1
2 3.99072 4.74443 0.000496184 2 -0.650146 -0.517525 0.000148855 1
2 3.96131 4.72101 0.00038168 2 -0.655834 -0.510298 0.000114504 1
2 3.91534 4.68524 0.0002936 2 -0.640799 -0.529055 8.808e-05 1
2 3.88936 4.66379 0.000225846 2 -0.553378 -0.619916 6.77539e-05 1
2 3.86174 4.63285 0.000173728 2 -0.515982 -0.651372 5.21183e-05 1
2 3.81497 4.57381 0.000133637 2 -0.518894 -0.649055 4.0091e-05 1
2 3.78883 4.54111 0.000102798 2 -0.516167 -0.651225 3.08393e-05 1
2 3.72211 4.45694 7.9075e-05 2 -0.536811 -0.634316 2.37225e-05 1
3 3.9869 5.90479 1 3 0.898788 0.101212 0 1
3 4.0854 5.91588 0.769231 3 0.901536 0.0727783 0.230769 1
3 4.09476 5.91664 0.591716 3 0.902219 0.0637464 0.177515 1
3 4.10108 5.91708 0.455166 3 0.900941 0.0797989 0.13655 1
3 4.12243 5.91897 0.350128 3 0.904446 0.00633248 0.105038 1
3 4.17019 5.91931 0.269329 3 0.898683 0.102141 0.0807987 1
3 4.1719 5.9195 0.207176 3 0.899556 0.0941433 0.0621529 1
3 4.18366 5.92073 0.159366 3 0.897799 0.109633 0.0478099 1
3 4.21646 5.92474 0.122589 3 0.837496 0.34156 0.0367768 1
3 4.30793 5.96204 0.0942996 3 0.865028 -0.264177 0.0282899 1
3 4.36742 5.94387 0.0725382 3 0.862465 -0.27243 0.0217614 1
3 4.373 5.94211 0.0557986 3 0.742848 -0.515985 0.0167396 1
3 4.40908 5.91705 0.042922 3 0.656725 -0.621913 0.0128766 1
3 4.40941 5.91674 0.0330169 3 0.645983 -0.633063 0.00990507 1
3 4.41061 5.91556 0.0253976 3 0.622085 -0.656562 0.00761929 1
3 4.42957 5.89555 0.0195366 3 0.623626 -0.655098 0.00586099 1
3 4.48073 5.84181 0.0150282 3 0.324647 -0.844197 0.00450845 1
3 4.57048 5.60842 0.0115601 3 0.35125 -0.833478 0.00346804 1
3 4.5736 5.60102 0.00889241 3 0.375751 -0.822724 0.00266772 1
3 4.61036 5.52053 0.00684032 3 0.394391 -0.813952 0.0020521 1
3 4.61902 5.50267 0.00526178 3 0.415947 -0.803151 0.00157853 1
3 4.73586 5.27706 0.00404753 3 0.392303 -0.814961 0.00121426 1
3 4.78543 5.17408 0.00311348 3 0.350849 -0.833647 0.000934044 1
3 4.81241 5.10996 0.00239499 3 0.342934 -0.836935 0.000718496 1
3 4.82893 5.06964 0.0018423 3 0.448758 -0.785289 0.000552689 1
3 4.84489 5.04172 0.00141715 3 0.41539 -0.803439 0.000425145 1
3 4.89207 4.95046 0.00109012 3 0.569204 -0.702901 0.000327035 1
3 5.02128 4.7909 0.000838551 3 0.56258 -0.708214 0.000251565 1
3 5.04109 4.76596 0.000645039 3 0.528594 -0.733929 0.000193512 1
3 5.10995 4.67036 0.000496184 3 0.744076 -0.514213 0.000148855 1
3 5.12868 4.65742 0.00038168 3 0.762113 -0.48708 0.000114504 1
3 5.23801 4.58754 0.0002936 3 0.753379 -0.500484 8.808e-05 1
3 5.31068 4.53926 0.000225846 3 0.775924 -0.464764 6.77539e-05 1
3 5.37623 4.5 0.000173728 3 0.709357 -0.561137 5.21183e-05 1
3 5.57751 4.34078 0.000133637 3 0.78833 -0.443394 4.0091e-05 1
3 5.59747 4.32955 0.000102798 3 0.777238 -0.462563 3.08393e-05 1
3 5.65268 4.2967 7.9075e-05 3 0.768169 -0.477472 2.37225e-05 1
4 3.96554 6.03109 1 4 0.186424 0.813576 0 1
4 4.00537 6.20492 0.769231 4 0.224281 0.803964 0.230769 1
4 4.05588 6.38599 0.591716 4 0.212755 0.80709 0.177515 1
4 4.05871 6.39673 0.455166 4 0.205881 0.808871 0.13655 1
4 4.05895 6.39764 0.350128 4 0.193189 0.811996 0.105038 1
4 4.0596 6.40039 0.269329 4 -0.0244649 0.834303 0.0807987 1
4 4.05572 6.53265 0.207176 4 -0.0388832 0.833755 0.0621529 1
4 4.05007 6.65377 0.159366 4 -0.153348 0.820453 0.0478099 1
4 4.04867 6.6613 0.122589 4 -0.252184 0.795652 0.0367768 1
4 3.99872 6.81889 0.0942996 4 -0.230984 0.802063 0.0282899 1
4 3.97587 6.89823 0.0725382 4 0.390108 0.737885 0.0217614 1
4 4.02306 6.9875 0.0557986 4 0.27893 0.786675 0.0167396 1
4 4.04004 7.03538 0.042922 4 0.115898 0.826575 0.0128766 1
4 4.04817 7.09337 0.0330169 4 0.208178 0.808283 0.00990507 1
4 4.06359 7.15325 0.0253976 4 0.195746 0.811383 0.00761929 1
4 4.08586 7.24553 0.0195366 4 0.140354 0.822776 0.00586099 1
4 4.09404 7.29349 0.0150282 4 0.118675 0.826181 0.00450845 1
4 4.09951 7.33158 0.0115601 4 0.162801 0.81863 0.00346804 1
4 4.10259 7.34709 0.00889241 4 0.152918 0.820534 0.00266772 1
4 4.11788 7.42913 0.00684032 4 0.131845 0.824182 0.0020521 1
4 4.12082 7.44747 0.00526178 4 0.148664 0.821315 0.00157853 1
4 4.16996 7.719 0.00404753 4 0.103343 0.828239 0.00121426 1
4 4.17051 7.72334 0.00311348 4 0.0871005 0.830104 0.000934044 1
4 4.17865 7.80093 0.00239499 4 -0.056631 0.832738 0.000718496 1
4 4.16881 7.94554 0.0018423 4 -0.0373176 0.833827 0.000552689 1
4 4.16051 8.13102 0.00141715 4 0.0098877 0.834603 0.000425145 1
4 4.16109 8.17947 0.00109012 4 -0.0465811 0.83336 0.000327035 1
4 4.15887 8.21913 0.000838551 4 -0.0355693 0.833903 0.000251565 1
4 4.1577 8.24655 0.000645039 4 -0.130993 0.824318 0.000193512 1
4 4.15517 8.26249 0.000496184 4 -0.115447 0.826639 0.000148855 1
4 4.15434 8.26841 0.00038168 4 -0.104064 0.828149 0.000114504 1
4 4.15139 8.29187 0.0002936 4 -0.11374 0.826875 8.808e-05 1
4 4.13799 8.38933 0.000225846 4 -0.254197 0.795012 6.77539e-05 1
4 4.11221 8.46994 0.000173728 4 -0.351099 0.757225 5.21183e-05 1
4 4.03482 8.63685 0.000133637 4 -0.356801 0.754554 4.0091e-05 1
4 4.0197 8.66883 0.000102798 4 -0.240526 0.799254 3.08393e-05 1
4 4.0125 8.69274 7.9075e-05 4 -0.187011 0.813441 2.37225e-05 1
5 4.08247 5.99091 1 5 -0.370448 0.629552 0 1
5 4.05383 6.03958 0.769231 5 -0.361413 0.634782 0.230769 1
5 4.04969 6.04685 0.591716 5 -0.368945 0.630434 0.177515 1
5 4.04807 6.04962 0.455166 5 -0.366462 0.631881 0.13655 1
5 4.01391 6.10852 0.350128 5 -0.42623 0.593208 0.105038 1
5 4.00844 6.11614 0.269329 5 -0.43836 0.584302 0.0807987 1
5 3.92017 6.23379 0.207176 5 -0.453515 0.572619 0.0621529 1
5 3.91773 6.23687 0.159366 5 -0.437311 0.585087 0.0478099 1
5 3.90656 6.25182 0.122589 5 -0.401191 0.61042 0.0367768 1
5 3.89286 6.27267 0.0942996 5 -0.41745 0.599419 0.0282899 1
5 3.8501 6.33407 0.0725382 5 -0.421901 0.596295 0.0217614 1
5 3.80198 6.40207 0.0557986 5 -0.638084 0.35555 0.0167396 1
5 3.74282 6.43504 0.042922 5 -0.646292 0.340402 0.0128766 1
5 3.73407 6.43965 0.0330169 5 -0.671948 0.286449 0.00990507 1
5 3.66768 6.46795 0.0253976 5 -0.728267 0.0565292 0.00761929 1
5 3.65498 6.46894 0.0195366 5 -0.706441 0.185763 0.00586099 1
5 3.62013 6.4781 0.0150282 5 -0.699292 -0.211088 0.00450845 1
5 3.53057 6.45107 0.0115601 5 -0.716429 -0.142468 0.00346804 1
5 3.48848 6.4427 0.00889241 5 -0.71891 -0.129368 0.00266772 1
5 3.48786 6.44258 0.00684032 5 -0.716169 -0.143768 0.0020521 1
5 3.36296 6.41751 0.00526178 5 -0.71103 -0.167344 0.00157853 1
5 3.31426 6.40605 0.00404753 5 -0.716265 -0.143288 0.00121426 1
5 3.2711 6.39741 0.00311348 5 -0.71582 -0.145496 0.000934044 1
5 3.20518 6.38402 0.00239499 5 -0.711735 -0.164321 0.000718496 1
5 3.20006 6.38283 0.0018423 5 -0.710683 -0.168811 0.000552689 1
5 3.07951 6.3542 0.00141715 5 -0.730368 0.0114012 0.000425145 1
5 3.04913 6.35468 0.00109012 5 -0.730457 0.000764173 0.000327035 1
5 3.02793 6.3547 0.000838551 5 -0.730339 0.0131383 0.000251565 1
5 3.02223 6.3548 0.000645039 5 -0.711431 0.16563 0.000193512 1
5 2.93156 6.37591 0.000496184 5 -0.71416 0.153439 0.000148855 1
5 2.80465 6.40318 0.00038168 5 -0.711392 0.165796 0.000114504 1
5 2.74661 6.4167 0.0002936 5 -0.68576 0.251598 8.808e-05 1
5 2.70298 6.43271 0.000225846 5 -0.678771 0.269883 6.77539e-05 1
5 2.66087 6.44945 0.000173728 5 -0.624749 0.378493 5.21183e-05 1
5 2.63114 6.46746 0.000133637 5 -0.593839 0.42535 4.0091e-05 1
5 2.556 6.52129 0.000102798 5 -0.577717 0.447002 3.08393e-05 1
5 2.5468 6.52841 7.9075e-05 5 -0.575535 0.449807 2.37225e-05 1
6 3.97942 6.09386 1 6 0.376349 0.623651 0 1
6 3.98215 6.0984 0.769231 6 0.413404 0.59973 0.230769 1
6 4.00585 6.13277 0.591716 6 0.461508 0.56355 0.177515 1
6 4.04443 6.17988 0.455166 6 0.463677 0.561767 0.13655 1
6 4.06332 6.20277 0.350128 6 0.473676 0.553362 0.105038 1
6 4.07482 6.21621 0.269329 6 0.464513 0.561076 0.0807987 1
6 4.08367 6.22689 0.207176 6 0.508664 0.521383 0.0621529 1
6 4.1186 6.26269 0.159366 6 0.502751 0.527087 0.0478099 1
6 4.14166 6.28687 0.122589 6 0.508603 0.521442 0.0367768 1
6 4.17691 6.32302 0.0942996 6 0.46661 0.559334 0.0282899 1
6 4.18611 6.33403 0.0725382 6 0.460753 0.564168 0.0217614 1
6 4.19522 6.34519 0.0557986 6 0.431678 0.586713 0.0167396 1
6 4.20066 6.35259 0.042922 6 0.412957 0.600038 0.0128766 1
6 4.22331 6.38551 0.0330169 6 0.392975 0.61331 0.00990507 1
6 4.23685 6.40664 0.0253976 6 0.408239 0.603258 0.00761929 1
6 4.30555 6.50815 0.0195366 6 0.472338 0.554505 0.00586099 1
6 4.31248 6.51628 0.0150282 6 0.503823 0.526063 0.00450845 1
6 4.52127 6.73429 0.0115601 6 0.326884 0.650942 0.00346804 1
6 4.53846 6.76852 0.00889241 6 0.335841 0.646366 0.00266772 1
6 4.55821 6.80654 0.00684032 6 0.341652 0.643314 0.0020521 1
6 4.56792 6.82481 0.00526178 6 0.325874 0.651449 0.00157853 1
6 4.56906 6.8271 0.00404753 6 0.390398 0.614954 0.00121426 1
6 4.57115 6.83038 0.00311348 6 0.419059 0.595792 0.000934044 1
6 4.68456 6.99162 0.00239499 6 0.427463 0.589792 0.000718496 1
6 4.70084 7.01409 0.0018423 6 0.441621 0.579267 0.000552689 1
6 4.74227 7.06844 0.00141715 6 0.376329 0.623663 0.000425145 1
6 4.75253 7.08544 0.00109012 6 0.72304 -0.0882725 0.000327035 1
6 4.79081 7.08077 0.000838551 6 0.72233 -0.0939073 0.000251565 1
6 4.80642 7.07874 0.000645039 6 0.727696 -0.032215 0.000193512 1
6 4.81942 7.07817 0.000496184 6 0.726296 -0.0554412 0.000148855 1
6 4.84562 7.07617 0.00038168 6 0.723085 -0.0879059 0.000114504 1
6 4.88171 7.07178 0.0002936 6 0.718983 -0.116803 8.808e-05 1
6 4.92185 7.06526 0.000225846 6 0.728408 -0.000632182 6.77539e-05 1
6 5.1265 7.06508 0.000173728 6 0.728392 -0.00495332 5.21183e-05 1
6 5.12708 7.06508 0.000133637 6 0.666054 -0.294874 4.0091e-05 1
6 5.38267 6.95192 0.000102798 6 0.685956 -0.245037 3.08393e-05 1
6 5.42505 6.93678 7.9075e-05 6 0.700262 -0.200529 2.37225e-05 1
7 4.04672 5.97669 1 7 0.162023 0.837977 0 1
7 4.05059 5.99669 0.769231 7 0.185283 0.833143 0.230769 1
7 4.05395 6.01181 0.591716 7 0.175995 0.835154 0.177515 1
7 4.06948 6.08549 0.455166 7 0.149904 0.840229 0.13655 1
7 4.0859 6.17753 0.350128 7 0.161972 0.837986 0.105038 1
7 4.08768 6.18675 0.269329 7 0.132147 0.843204 0.0807987 1
7 4.11017 6.33026 0.207176 7 0.074244 0.850261 0.0621529 1
7 4.11088 6.33837 0.159366 7 0.0372739 0.852682 0.0478099 1
7 4.12258 6.60609 0.122589 7 0.0534615 0.851821 0.0367768 1
7 4.12506 6.64552 0.0942996 7 0.00767736 0.853462 0.0282899 1
7 4.12578 6.72572 0.0725382 7 -0.0598735 0.851394 0.0217614 1
7 4.12263 6.77052 0.0557986 7 -0.0290753 0.853001 0.0167396 1
7 4.12187 6.79274 0.042922 7 -0.605032 0.601991 0.0128766 1
7 4.11478 6.79979 0.0330169 7 -0.586864 0.619715 0.00990507 1
7 4.11251 6.80219 0.0253976 7 -0.605438 0.601582 0.00761929 1
7 4.09598 6.81861 0.0195366 7 -0.60231 0.604714 0.00586099 1
7 4.07891 6.83575 0.0150282 7 -0.573721 0.631902 0.00450845 1
7 4.00186 6.92062 0.0115601 7 -0.584225 0.622203 0.00346804 1
7 3.97248 6.95191 0.00889241 7 -0.56654 0.638348 0.00266772 1
7 3.90337 7.02977 0.00684032 7 -0.618377 0.588274 0.0020521 1
7 3.84599 7.08436 0.00526178 7 -0.625364 0.580841 0.00157853 1
7 3.84082 7.08917 0.00404753 7 -0.63083 0.574899 0.00121426 1
7 3.67684 7.2386 0.00311348 7 -0.615216 0.591579 0.000934044 1
7 3.50216 7.40657 0.00239499 7 0.853225 0.0215123 0.000718496 1
7 3.53475 7.40739 0.0018423 7 0.853496 -0.00130953 0.000552689 1
7 3.5477 7.40737 0.00141715 7 0.852666 0.0376443 0.000425145 1
7 3.68061 7.41324 0.00109012 7 0.847565 0.100445 0.000327035 1
7 3.77983 7.425 0.000838551 7 0.850983 0.0654609 0.000251565 1
7 3.99963 7.44191 0.000645039 7 0.853236 0.0210851 0.000193512 1
7 4.0521 7.4432 0.000496184 7 0.852484 0.041572 0.000148855 1
7 4.06476 7.44382 0.00038168 7 0.852095 0.0488912 0.000114504 1
7 4.06943 7.44409 0.0002936 7 0.122379 -0.844677 8.808e-05 1
7 4.0814 7.36151 0.000225846 7 0.0993107 -0.847699 6.77539e-05 1
7 4.08241 7.35284 0.000173728 7 0.0344574 -0.852801 5.21183e-05 1
7 4.08317 7.33405 0.000133637 7 0.267451 -0.81051 4.0091e-05 1
7 4.10234 7.27596 0.000102798 7 0.355405 -0.775979 3.08393e-05 1
7 4.12694 7.22225 7.9075e-05 7 0.34478 -0.780758 2.37225e-05 1
7 4.14818 7.17415 6.08269e-05 7 0.841908 0.140166 1.82481e-05 1
8 3.99593 6.01967 1 8 -0.457359 -0.542641 0 1
8 3.98669 6.0087 0.769231 8 -0.0743794 -0.705765 0.230769 1
8 3.98535 5.99598 0.591716 8 -0.0861776 -0.704422 0.177515 1
8 3.98413 5.98606 0.455166 8 -0.137735 -0.696179 0.13655 1
8 3.97923 5.9613 0.350128 8 -0.345091 -0.62012 0.105038 1
8 3.93015 5.87311 0.269329 8 -0.363311 -0.609624 0.0807987 1
8 3.91243 5.84337 0.207176 8 -0.368274 -0.606639 0.0621529 1
8 3.90962 5.83874 0.159366 8 -0.380783 -0.598866 0.0478099 1
8 3.90558 5.83238 0.122589 8 -0.392739 -0.591094 0.0367768 1
8 3.85425 5.75513 0.0942996 8 -0.342062 -0.621796 0.0282899 1
8 3.84747 5.7428 0.0725382 8 -0.374178 -0.603015 0.0217614 1
8 3.80042 5.66698 0.0557986 8 -0.385749 -0.59568 0.0167396 1
8 3.68497 5.4887 0.042922 8 -0.387764 -0.59437 0.0128766 1
8 3.66858 5.46357 0.0330169 8 -0.391524 -0.5919 0.00990507 1
8 3.61696 5.38554 0.0253976 8 -0.392243 -0.591424 0.00761929 1
8 3.61108 5.37667 0.0195366 8 -0.400904 -0.585587 0.00586099 1
8 3.60024 5.36083 0.0150282 8 -0.377635 -0.600856 0.00450845 1
8 3.58731 5.34026 0.0115601 8 -0.356756 -0.613483 0.00346804 1
8 3.54528 5.26799 0.00889241 8 -0.374597 -0.602755 0.00266772 1
8 3.51693 5.22237 0.00684032 8 -0.387298 -0.594673 0.0020521 1
8 3.51216 5.21505 0.00526178 8 -0.396607 -0.588506 0.00157853 1
8 3.46373 5.14318 0.00404753 8 -0.414316 -0.576176 0.00121426 1
8 3.44632 5.11898 0.00311348 8 -0.462797 -0.538011 0.000934044 1
8 3.43545 5.10634 0.00239499 8 -0.453668 -0.545731 0.000718496 1
8 3.35997 5.01554 0.0018423 8 -0.468639 -0.53293 0.000552689 1
8 3.33496 4.9871 0.00141715 8 -0.316231 -0.635322 0.000425145 1
8 3.33242 4.98199 0.00109012 8 -0.293393 -0.646187 0.000327035 1
8 3.30168 4.9143 0.000838551 8 -0.310887 -0.637954 0.000251565 1
8 3.21688 4.74029 0.000645039 8 -0.304115 -0.64121 0.000193512 1
8 3.20007 4.70483 0.000496184 8 -0.295596 -0.645182 0.000148855 1
8 3.17832 4.65737 0.00038168 8 -0.22772 -0.672146 0.000114504 1
8 3.13374 4.52578 0.0002936 8 -0.125228 -0.698537 8.808e-05 1
8 3.13295 4.52138 0.000225846 8 -0.0803418 -0.705111 6.77539e-05 1
8 3.12552 4.4562 0.000173728 8 -0.0950325 -0.703282 5.21183e-05 1
8 3.12342 4.44063 0.000133637 8 -0.117202 -0.699929 4.0091e-05 1
8 3.10685 4.34166 0.000102798 8 -0.103276 -0.702119 3.08393e-05 1
8 3.10301 4.31558 7.9075e-05 8 -0.1354 -0.696637 2.37225e-05 1
9 3.97071 6.06799 1 9 0.387616 0.612384 0 1
9 3.9808 6.08394 0.769231 9 0.379895 0.617204 0.230769 1
9 3.99841 6.11254 0.591716 9 0.374468 0.620511 0.177515 1
9 4.08728 6.25981 0.455166 9 0.367373 0.624738 0.13655 1
9 4.11257 6.30281 0.350128 9 0.346254 0.636686 0.105038 1
9 4.11418 6.30577 0.269329 9 0.332086 0.644189 0.0807987 1
9 4.16742 6.40904 0.207176 9 0.391995 0.60959 0.0621529 1
9 4.27985 6.58388 0.159366 9 0.379026 0.617737 0.0478099 1
9 4.31802 6.6461 0.122589 9 0.362458 0.627602 0.0367768 1
9 4.43008 6.84013 0.0942996 9 0.420137 0.590546 0.0282899 1
9 4.45733 6.87844 0.0725382 9 0.477808 0.54494 0.0217614 1
9 4.46262 6.88446 0.0557986 9 0.580083 0.43447 0.0167396 1
9 4.48723 6.9029 0.042922 9 0.598017 0.409434 0.0128766 1
9 4.6699 7.02796 0.0330169 9 0.605551 0.398206 0.00990507 1
9 4.70225 7.04923 0.0253976 9 0.60694 0.396085 0.00761929 1
9 4.70874 7.05347 0.0195366 9 0.637664 0.344449 0.00586099 1
9 4.72187 7.06056 0.0150282 9 0.64931 0.321959 0.00450845 1
9 4.72566 7.06244 0.0115601 9 0.71332 0.128201 0.00346804 1
9 4.77269 7.0709 0.00889241 9 0.716359 0.109954 0.00266772 1
9 4.77381 7.07107 0.00684032 9 0.714245 0.122939 0.0020521 1
9 4.81275 7.07777 0.00526178 9 0.712202 0.134272 0.00157853 1
9 4.8244 7.07997 0.00404753 9 0.688839 0.225303 0.00121426 1
9 4.85323 7.0894 0.00311348 9 0.68577 0.234479 0.000934044 1
9 4.85976 7.09163 0.00239499 9 0.715319 0.116532 0.000718496 1
9 4.95996 7.10795 0.0018423 9 0.712608 0.132101 0.000552689 1
9 5.08717 7.13153 0.00141715 9 0.716207 0.110941 0.000425145 1
9 5.17597 7.14529 0.00109012 9 0.716869 0.106582 0.000327035 1
9 5.32062 7.16679 0.000838551 9 0.713737 0.125859 0.000251565 1
9 5.34718 7.17148 0.000645039 9 0.715136 0.117647 0.000193512 1
9 5.46005 7.19005 0.000496184 9 0.711215 0.139406 0.000148855 1
9 5.46427 7.19087 0.00038168 9 0.674771 -0.264471 0.000114504 1
9 5.57573 7.14719 0.0002936 9 0.666204 -0.285363 8.808e-05 1
9 5.6566 7.11255 0.000225846 9 0.659094 -0.301423 6.77539e-05 1
9 5.6679 7.10738 0.000173728 9 0.701905 -0.180526 5.21183e-05 1
9 5.73327 7.09057 0.000133637 9 0.712614 -0.132066 4.0091e-05 1
9 5.74386 7.08861 0.000102798 9 0.715073 0.118026 3.08393e-05 1
9 5.88689 7.11221 7.9075e-05 9 0.717059 0.10529 2.37225e-05 1
10 4.0377 6.02701 1 10 0.521829 -0.478171 0 1
10 4.04855 6.01706 0.769231 10 0.539953 -0.457606 0.230769 1
10 4.0609 6.00659 0.591716 10 0.568422 -0.421721 0.177515 1
10 4.06251 6.0054 0.455166 10 -0.112718 -0.698747 0.13655 1
10 4.05779 5.97609 0.350128 10 -0.126919 -0.696308 0.105038 1
10 4.05064 5.9369 0.269329 10 -0.137747 -0.694247 0.0807987 1
10 4.03524 5.85929 0.207176 10 0.22082 -0.672452 0.0621529 1
10 4.03955 5.84619 0.159366 10 0.064117 -0.70487 0.0478099 1
10 4.04054 5.83527 0.122589 10 0.0847797 -0.702684 0.0367768 1
10 4.04552 5.79401 0.0942996 10 0.116966 -0.698049 0.0282899 1
10 4.05208 5.75489 0.0725382 10 0.0726034 -0.704047 0.0217614 1
10 4.06995 5.58154 0.0557986 10 -0.0647551 -0.704812 0.0167396 1
10 4.0576 5.44714 0.042922 10 -0.0697877 -0.704331 0.0128766 1
10 4.05594 5.43032 0.0330169 10 -0.0795935 -0.703291 0.00990507 1
10 4.05573 5.42848 0.0253976 10 -0.0933596 -0.701596 0.00761929 1
10 4.05374 5.41358 0.0195366 10 -0.0791805 -0.703337 0.00586099 1
10 4.04604 5.34518 0.0150282 10 -0.0236225 -0.707386 0.00450845 1
10 4.04063 5.18302 0.0115601 10 -0.296225 -0.642809 0.00346804 1
10 4.02267 5.14405 0.00889241 10 -0.284474 -0.648095 0.00266772 1
10 3.92097 4.91235 0.00684032 10 -0.301965 -0.640133 0.0020521 1
10 3.79165 4.6382 0.00526178 10 -0.284088 -0.648264 0.00157853 1
10 3.75375 4.55173 0.00404753 10 -0.276502 -0.651536 0.00121426 1
10 3.62508 4.24853 0.00311348 10 -0.256977 -0.659482 0.000934044 1
10 3.61703 4.22786 0.00239499 10 -0.27071 -0.653964 0.000718496 1
10 3.60208 4.19176 0.0018423 10 -0.295439 -0.643171 0.000552689 1
10 3.58949 4.16435 0.00141715 10 -0.169905 -0.687085 0.000425145 1
10 3.57275 4.09664 0.00109012 10 -0.188346 -0.68226 0.000327035 1
10 3.56542 4.0701 0.000838551 10 -0.216286 -0.673924 0.000251565 1
10 3.56529 4.0697 0.000645039 10 -0.225403 -0.67093 0.000193512 1
10 3.54528 4.01012 0.000496184 10 -0.176025 -0.685542 0.000148855 1
10 3.54496 4.00887 0.00038168 10 -0.192083 -0.681217 0.000114504 1
10 3.52744 3.94674 0.0002936 10 -0.17854 -0.684892 8.808e-05 1
10 3.52358 3.93195 0.000225846 10 -0.189604 -0.681912 6.77539e-05 1
10 3.51241 3.89178 0.000173728 10 -0.119055 -0.697696 5.21183e-05 1
10 3.50944 3.87436 0.000133637 10 -0.136219 -0.694548 4.0091e-05 1
10 3.5077 3.86546 0.000102798 10 -0.137304 -0.694335 3.08393e-05 1
10 3.50044 3.82876 7.9075e-05 10 -0.149329 -0.691848 2.37225e-05 1

