1 0.400483 0.400913 1 1 0.983433 0.181275 0 1
1 0.445844 0.409274 0.833333 1 0.987263 0.159094 0.166667 1
1 0.488756 0.416189 0.694444 1 0.993299 -0.115573 0.138889 1
1 0.6 0.403246 0.578704 1 -0.993299 -0.115573 0.115741 1
1 0.587698 0.401815 0.482253 1 -0.916121 -0.400901 0.0964506 1
1 0.571406 0.394685 0.401878 1 -0.970424 -0.241405 0.0803755 1
1 0.485583 0.373335 0.334898 1 -0.95301 -0.302938 0.0669796 1
1 0.3 0.314343 0.279082 1 -0.991184 -0.132491 0.0558163 1
1 0.184937 0.298963 0.146885 1 -0.998019 0.0629169 0.132197 1
1 0.153029 0.300974 0.0773079 1 0.497422 -0.867509 0.0695771 1

