1 0.498971 0.489727 1 1 0.198084 0.801916 0 1
1 0.575018 0.797592 0.909091 1 0.111676 0.818435 0.0909091 1
1 0.577922 0.818878 0.826446 1 0.143885 0.81339 0.0826446 1
1 0.59044 0.889642 0.751315 1 -0.229117 -0.793607 0.0751315 1
1 0.578993 0.849991 0.683013 1 -0.0286489 -0.825522 0.0683013 1
1 0.578972 0.849399 0.620921 1 0.0762743 -0.82249 0.0620921 1
1 0.592727 0.701077 0.564474 1 -0.436483 -0.701277 0.0564474 1
1 0.573745 0.670579 0.513158 1 -0.455747 -0.688913 0.0513158 1
1 0.505457 0.567354 0.466507 1 -0.593486 -0.574527 0.0466507 1
1 0.280529 0.349612 0.424098 1 -0.802023 -0.197652 0.0424098 1
1 0.246454 0.341214 0.385543 1 0.57732 -0.590769 0.0385543 1
1 0.452703 0.13016 0.350494 1 0.502596 -0.655519 0.0350494 1
1 0.475239 0.100767 0.318631 1 0.579744 0.588391 0.0318631 1
1 0.483465 0.109116 0.289664 1 0.79957 0.207351 0.0289664 1
1 0.491953 0.111317 0.263331 1 0.779055 0.274554 0.0263331 1
1 0.580915 0.142669 0.239392 1 0.753993 0.337344 0.0239392 1
1 0.613948 0.157448 0.217629 1 0.70593 0.428917 0.0217629 1
1 0.640398 0.173519 0.197845 1 0.790035 0.241145 0.0197845 1
1 0.707506 0.194003 0.179859 1 0.764863 0.311915 0.0179859 1
1 0.738201 0.20652 0.163508 1 0.823154 0.0687365 0.0163508 1
1 0.768507 0.209051 0.148644 1 0.812176 0.150589 0.0148644 1
1 0.775953 0.210431 0.135131 1 0.1895 0.803988 0.0135131 1
1 0.777968 0.218981 0.122846 1 0.268029 0.781324 0.0122846 1
1 0.811292 0.316123 0.111678 1 0.750387 0.345291 0.0111678 1
1 0.867459 0.341968 0.101526 1 -0.265495 0.782189 0.0101526 1
1 0.754017 0.676184 0.092296 1 -0.237455 0.791152 0.0092296 1
1 0.703548 0.844337 0.0839055 1 -0.170269 0.808279 0.00839055 1

