1 0.497262 0.511582 1 1 0.852672 -0.147328 0 1
1 0.593118 0.495019 0.833333 1 0.864188 -0.0439821 0.166667 1
1 0.627026 0.493293 0.694444 1 0.830586 -0.242657 0.138889 1
1 0.63086 0.492173 0.578704 1 0.829437 -0.246555 0.115741 1
1 0.674606 0.47917 0.482253 1 0.842085 -0.199119 0.0964506 1
1 0.761524 0.458617 0.401878 1 0.781736 -0.371003 0.0803755 1
1 0.88705 0.399044 0.334898 1 -0.863354 0.0580934 0.0669796 1
1 0.748833 0.408344 0.279082 1 -0.865264 -0.00855362 0.0558163 1
1 0.69028 0.407765 0.232568 1 -0.781756 -0.370961 0.0465136 1
1 0.416675 0.277933 0.193807 1 -0.830895 -0.241595 0.0387613 1
1 0.342366 0.256327 0.161506 1 -0.849791 -0.163125 0.0323011 1
1 0.333342 0.254595 0.134588 1 -0.825716 -0.258742 0.0269176 1
1 0.248452 0.227994 0.112157 1 -0.861651 -0.0794533 0.0224313 1
1 0.214195 0.224835 0.0934639 1 -0.847563 -0.174331 0.0186928 1
1 0.21042 0.224059 0.0778866 1 -0.857954 -0.112562 0.0155773 1

