1 0.491522 0.496619 1 1 0.404339 0.595661 0 1
1 0.548229 0.580159 0.833333 1 0.318925 0.645437 0.166667 1
1 0.563482 0.611026 0.694444 1 0.27974 0.663361 0.138889 1
1 0.588178 0.669589 0.578704 1 0.318975 0.645412 0.115741 1
1 0.60362 0.700835 0.482253 1 0.382258 0.610066 0.0964506 1
1 0.612989 0.715787 0.401878 1 0.528329 0.489051 0.0803755 1
1 0.631745 0.733149 0.334898 1 0.691226 0.201266 0.0669796 1
1 0.691899 0.750664 0.279082 1 0.578305 0.428795 0.0558163 1
1 0.761757 0.802462 0.232568 1 -0.341345 -0.633865 0.0465136 1
1 0.751525 0.783461 0.193807 1 -0.514504 -0.503575 0.0387613 1
1 0.742062 0.774199 0.161506 1 -0.478918 -0.537531 0.0323011 1
1 0.708169 0.736158 0.134588 1 -0.299763 -0.654557 0.0269176 1
1 0.697299 0.712422 0.112157 1 -0.149609 -0.704215 0.0224313 1
1 0.685451 0.656655 0.0934639 1 -0.412238 -0.590222 0.0186928 1
1 0.679234 0.647753 0.0778866 1 -0.303348 -0.652903 0.0155773 1
1 0.665487 0.618166 0.0649055 1 -0.410813 -0.591214 0.0129811 1
1 0.608976 0.536839 0.0540879 1 -0.337223 -0.636068 0.0108176 1
1 0.566846 0.457374 0.0450732 1 -0.406833 -0.59396 0.00901465 1
1 0.56259 0.451161 0.037561 1 -0.652009 -0.305265 0.00751221 1
1 0.427667 0.387991 0.0313009 1 -0.538979 -0.477287 0.00626017 1
1 0.398051 0.361765 0.0260841 1 -0.685032 -0.221433 0.00521681 1
1 0.366158 0.351455 0.0217367 1 -0.714693 -0.0866983 0.00434734 1
1 0.221724 0.333934 0.0181139 1 -0.716872 0.0663014 0.00362279 1
1 0.171883 0.338544 0.0150949 1 -0.711689 -0.10863 0.00301899 1
1 0.141344 0.333883 0.0125791 1 -0.33026 -0.639711 0.00251582 1
1 0.138599 0.328566 0.0104826 1 -0.277345 -0.664366 0.00209652 1

