1 0.499975 0.498057 1 1 -0.817676 -0.182324 0 1
1 0.471804 0.491775 0.666667 1 -0.625083 -0.55777 0.333333 1
1 0.363405 0.39505 0.444444 1 -0.568449 -0.615388 0.222222 1
1 0.340825 0.370605 0.296296 1 -0.514278 -0.661328 0.148148 1
1 0.332567 0.359986 0.197531 1 -0.653754 -0.523873 0.0987654 1
1 0.291358 0.326963 0.131687 1 -0.70505 -0.452483 0.0658436 1
1 0.26528 0.310228 0.0877915 1 -0.491943 -0.678107 0.0438957 1
1 0.263737 0.3081 0.0585277 1 0.402988 -0.734464 0.0292638 1
1 0.308258 0.226959 0.0390184 1 0.575614 -0.608691 0.0195092 1
1 0.385066 0.145736 0.0260123 1 0.799139 -0.251423 0.0130061 1
1 0.480845 0.115603 0.0173415 1 0.741876 -0.389174 0.00867076 1
1 0.510334 0.100134 0.011561 1 0.720784 0.426973 0.00578051 1
1 0.544153 0.120167 0.00770735 1 0.555824 0.626814 0.00385367 1
1 0.56874 0.147895 0.00513823 1 0.457876 0.70156 0.00256912 1
1 0.609395 0.210187 0.00342549 1 0.421566 0.723961 0.00171274 1
1 0.640343 0.263333 0.00228366 1 0.406049 0.732776 0.00114183 1
1 0.675433 0.326658 0.00152244 1 0.347654 0.762216 0.000761219 1
1 0.690155 0.358937 0.00101496 1 0.435853 0.71545 0.00050748 1
1 0.723582 0.413806 0.000676639 1 0.233516 0.804554 0.00033832 1
1 0.764531 0.554892 0.000451093 1 0.106715 0.830932 0.000225546 1
1 0.78462 0.711318 0.000300729 1 -0.0936904 0.832501 0.000150364 1
1 0.783518 0.72111 0.000200486 1 -0.0469291 0.836441 0.000100243 1
1 0.782947 0.731289 0.000133657 1 -0.339265 0.765987 6.68286e-05 1
1 0.761692 0.779279 8.91048e-05 1 -0.283419 0.788359 4.45524e-05 1

