1 0.504223 0.502029 1 1 0.748305 0.251695 0 1
1 0.608123 0.536976 0.526316 1 -0.116544 0.780851 0.473684 1
1 0.607398 0.541833 0.277008 1 -0.152341 0.774663 0.249307 1
1 0.592452 0.617834 0.145794 1 0.0133926 0.789387 0.131214 1
1 0.592667 0.63047 0.0767336 1 0.095625 0.783688 0.0690602 1
1 0.594059 0.641884 0.0403861 1 0.364259 0.700447 0.0363475 1
1 0.642001 0.734072 0.0212558 1 0.315013 0.723932 0.0191303 1
1 0.654911 0.763742 0.0111873 1 0.430085 0.66207 0.0100686 1
1 0.683045 0.807052 0.00588805 1 0.365582 0.699757 0.00529924 1
1 0.702766 0.844798 0.00309897 1 -0.43383 -0.659623 0.00278907 1
1 0.696494 0.835263 0.00163104 1 -0.714011 -0.336896 0.00146793 1
1 0.689581 0.832001 0.000858441 1 -0.671756 -0.414794 0.000772597 1
1 0.680833 0.826599 0.000451811 1 -0.57432 -0.541726 0.00040663 1
1 0.635491 0.783831 0.000237795 1 -0.752683 0.238284 0.000214016 1
1 0.593866 0.797009 0.000125155 1 -0.772797 0.161543 0.00011264 1
1 0.55586 0.804953 6.58713e-05 1 -0.7456 0.259597 5.92841e-05 1

