1 0.402835 0.39586 1 1 0.832592 -0.167408 0 1
1 0.570215 0.362205 0.833333 1 0.708339 -0.468499 0.166667 1
1 0.590951 0.34849 0.694444 1 0.689797 -0.495394 0.138889 1
1 0.6 0.341991 0.578704 1 -0.689797 -0.495394 0.115741 1
1 0.539069 0.298232 0.482253 1 -0.795476 -0.297411 0.0964506 1
1 0.438578 0.260661 0.401878 1 -0.752965 -0.392783 0.0803755 1
1 0.418142 0.25 0.334898 1 -0.777052 -0.342674 0.0669796 1
1 0.382247 0.234171 0.176262 1 -0.690733 -0.494087 0.158636 1
1 0.353114 0.213332 0.0927695 1 -0.75961 -0.379772 0.0834926 1
1 0.316992 0.195272 0.0488261 1 -0.716958 -0.455199 0.0439435 1
1 0.301776 0.185612 0.0256979 1 -0.660102 -0.534322 0.0231281 1
1 0.290261 0.176291 0.0135252 1 -0.491348 -0.692684 0.0121727 1
1 0.285046 0.168938 0.00711854 1 -0.368474 -0.765154 0.00640669 1
1 0.282738 0.164147 0.0037466 1 -0.0698025 -0.846382 0.00337194 1

