1 0.400893 0.412565 1 1 0.538951 0.461049 0 1
1 0.40591 0.416857 0.833333 1 0.534383 0.466336 0.166667 1
1 0.436624 0.44366 0.694444 1 0.574884 0.415382 0.138889 1
1 0.519064 0.503227 0.578704 1 0.675719 0.215496 0.115741 1
1 0.538417 0.509399 0.482253 1 0.543634 -0.455518 0.0964506 1
1 0.567796 0.484782 0.401878 1 0.554782 -0.441872 0.0803755 1
1 0.582046 0.473432 0.334898 1 0.655552 -0.270713 0.0669796 1
1 0.6 0.466017 0.279082 1 -0.655552 -0.270713 0.0558163 1
1 0.582608 0.458835 0.232568 1 -0.660749 -0.257771 0.0465136 1
1 0.541697 0.442875 0.193807 1 -0.638043 -0.309734 0.0387613 1
1 0.514394 0.429621 0.161506 1 -0.500788 -0.502241 0.0323011 1
1 0.490421 0.405579 0.134588 1 -0.516547 -0.486018 0.0269176 1
1 0.48496 0.40044 0.112157 1 -0.705673 -0.0711306 0.0224313 1
1 0.445248 0.396437 0.0934639 1 -0.614092 -0.354859 0.0186928 1
1 0.438021 0.392262 0.0778866 1 -0.602364 -0.374422 0.0155773 1
1 0.383409 0.358315 0.0649055 1 -0.610209 -0.361496 0.0129811 1
1 0.380401 0.356533 0.0540879 1 -0.657956 -0.264817 0.0108176 1
1 0.377878 0.355518 0.0450732 1 -0.66349 -0.25063 0.00901465 1
1 0.376935 0.355162 0.037561 1 -0.661943 -0.254687 0.00751221 1
1 0.345227 0.342962 0.0313009 1 -0.683709 -0.188617 0.00626017 1
1 0.3 0.330485 0.0260841 1 -0.662129 -0.254205 0.00521681 1
1 0.295532 0.328769 0.0137284 1 -0.680068 -0.20135 0.0123556 1
1 0.258129 0.317695 0.0072255 1 -0.648619 -0.286928 0.00650295 1
1 0.167519 0.277612 0.00380289 1 -0.593746 -0.387944 0.00342261 1

