1 0.402159 0.406214 1 1 0.228328 0.771672 0 1
1 0.414056 0.44642 0.833333 1 0.298612 0.74729 0.166667 1
1 0.415237 0.449375 0.694444 1 0.626287 0.505347 0.138889 1
1 0.465514 0.489943 0.578704 1 0.642039 0.485177 0.115741 1
1 0.544988 0.55 0.482253 1 0.642039 -0.485177 0.0964506 1
1 0.596765 0.510873 0.401878 1 0.589512 -0.547802 0.0803755 1
1 0.6 0.507867 0.334898 1 -0.589512 -0.547802 0.0669796 1
1 0.586875 0.49567 0.279082 1 -0.80246 -0.0605747 0.0558163 1
1 0.569489 0.494358 0.232568 1 -0.647328 -0.478098 0.0465136 1
1 0.36308 0.34191 0.193807 1 -0.726686 -0.345744 0.0387613 1
1 0.343122 0.332414 0.161506 1 -0.69764 -0.401135 0.0323011 1
1 0.3 0.30762 0.134588 1 -0.701407 -0.394513 0.0269176 1
1 0.297467 0.306195 0.0708358 1 -0.696716 -0.402738 0.0637522 1
1 0.287868 0.300646 0.037282 1 -0.679449 -0.431232 0.0335538 1
1 0.22305 0.259507 0.0196221 1 -0.699428 -0.39801 0.0176599 1
1 0.197507 0.244973 0.0103274 1 -0.650021 -0.47443 0.00929468 1
1 0.193987 0.242403 0.00543548 1 -0.739723 -0.316893 0.00489194 1

