1 -0.000145195 -0.00133285 1 1 0.307958 0.9514 0 1
1 0.000629975 0.00106194 0.588235 1 0.307958 0.9514 0.411765 1
1 0.00929744 0.027839 0.346021 1 0.307958 0.9514 0.242215 1
1 0.0127124 0.038389 0.203542 1 0.307958 0.9514 0.142479 1
1 0.0312133 0.0955454 0.11973 1 0.307958 0.9514 0.0838113 1
1 0.0401315 0.123097 0.0704296 1 0.307958 0.9514 0.0493007 1
1 0.0434984 0.133499 0.0414292 1 0.307958 0.9514 0.0290004 1
1 0.0929955 0.286414 0.0243701 1 0.307958 0.9514 0.0170591 1
1 0.105959 0.326464 0.0143354 1 0.307958 0.9514 0.0100348 1
1 0.123442 0.380476 0.00843257 1 -0.309253 -0.95098 0.0059028 1
1 0.112992 0.34834 0.00496033 1 -0.309253 -0.95098 0.00347223 1
1 0.109135 0.33648 0.00291784 1 -0.309253 -0.95098 0.00204249 1
1 0.101402 0.312699 0.00171638 1 -0.309253 -0.95098 0.00120146 1
1 0.0931351 0.287279 0.00100963 1 -0.309253 -0.95098 0.000706744 1
1 0.0899586 0.277511 0.000593902 1 -0.309253 -0.95098 0.000415732 1
1 0.0834476 0.257489 0.000349354 1 -0.309253 -0.95098 0.000244548 1
1 0.0726012 0.224135 0.000205503 1 -0.309253 -0.95098 0.000143852 1
1 0.054827 0.169478 0.000120884 1 -0.309253 -0.95098 8.46187e-05 1
1 0.00217522 0.00756959 7.11082e-05 1 -0.309253 -0.95098 4.97757e-05 1
2 -0.000734203 -0.000119392 1 2 0.853414 0.521234 0 1
2 0.00480437 0.00326336 0.588235 2 0.853414 0.521234 0.411765 1
2 0.00664191 0.00438567 0.346021 2 0.853414 0.521234 0.242215 1
2 0.0117241 0.00748967 0.203542 2 0.853414 0.521234 0.142479 1
2 0.0183562 0.0115403 0.11973 2 0.853414 0.521234 0.0838113 1
2 0.0679437 0.0418265 0.0704296 2 0.853414 0.521234 0.0493007 1
2 0.0716296 0.0440777 0.0414292 2 0.853414 0.521234 0.0290004 1
2 0.121022 0.0742446 0.0243701 2 0.853414 0.521234 0.0170591 1
2 0.180643 0.110659 0.0143354 2 0.853414 0.521234 0.0100348 1
2 0.198379 0.121491 0.00843257 2 0.853414 0.521234 0.0059028 1
2 0.202077 0.12375 0.00496033 2 0.853414 0.521234 0.00347223 1
2 0.265671 0.162591 0.00291784 2 0.853414 0.521234 0.00204249 1
2 0.296357 0.181333 0.00171638 2 0.853414 0.521234 0.00120146 1
2 0.341219 0.208733 0.00100963 2 -0.852681 -0.522431 0.000706744 1
2 0.284888 0.174219 0.000593902 2 -0.852681 -0.522431 0.000415732 1
2 0.259257 0.158515 0.000349354 2 -0.852681 -0.522431 0.000244548 1
2 0.194799 0.119022 0.000205503 2 -0.852681 -0.522431 0.000143852 1
2 0.170039 0.103852 0.000120884 2 -0.852681 -0.522431 8.46187e-05 1
2 0.080608 0.0490586 7.11082e-05 2 -0.852681 -0.522431 4.97757e-05 1
3 -0.000172058 -0.00126112 1 3 -0.430307 0.902683 0 1
3 -0.0257078 0.0523069 0.588235 3 -0.430307 0.902683 0.411765 1
3 -0.0308757 0.0631479 0.346021 3 -0.430307 0.902683 0.242215 1
3 -0.0391982 0.0806065 0.203542 3 -0.430307 0.902683 0.142479 1
3 -0.0771932 0.160311 0.11973 3 -0.430307 0.902683 0.0838113 1
3 -0.105211 0.219085 0.0704296 3 -0.430307 0.902683 0.0493007 1
3 -0.107552 0.223997 0.0414292 3 -0.430307 0.902683 0.0290004 1
3 -0.172753 0.360772 0.0243701 3 -0.430307 0.902683 0.0170591 1
4 -8.7926e-05 -8.25133e-05 1 4 0.71537 0.698746 0 1
4 0.062786 0.0613304 0.588235 4 0.71537 0.698746 0.411765 1
4 0.128766 0.125777 0.346021 4 0.71537 0.698746 0.242215 1
4 0.170831 0.166864 0.203542 4 0.71537 0.698746 0.142479 1
4 0.182183 0.177952 0.11973 4 0.71537 0.698746 0.0838113 1
4 0.277116 0.27068 0.0704296 4 0.71537 0.698746 0.0493007 1
4 0.286146 0.2795 0.0414292 4 -0.715361 -0.698755 0.0290004 1
4 0.249842 0.244038 0.0243701 4 -0.715361 -0.698755 0.0170591 1
4 0.144948 0.141579 0.0143354 4 -0.715361 -0.698755 0.0100348 1
4 0.086163 0.0841594 0.00843257 4 -0.715361 -0.698755 0.0059028 1
4 -0.0160309 -0.0156621 0.00496033 4 -0.715361 -0.698755 0.00347223 1
4 -0.0161157 -0.0157449 0.00291784 4 -0.715361 -0.698755 0.00204249 1
4 -0.0277256 -0.0270853 0.00171638 4 -0.715361 -0.698755 0.00120146 1
4 -0.0682383 -0.0666576 0.00100963 4 -0.715361 -0.698755 0.000706744 1
4 -0.114007 -0.111364 0.000593902 4 -0.715361 -0.698755 0.000415732 1
4 -0.125522 -0.122611 0.000349354 4 -0.715361 -0.698755 0.000244548 1
4 -0.127063 -0.124117 0.000205503 4 -0.715361 -0.698755 0.000143852 1
4 -0.208884 -0.204038 0.000120884 4 -0.715361 -0.698755 8.46187e-05 1
4 -0.212087 -0.207167 7.11082e-05 4 -0.715361 -0.698755 4.97757e-05 1
5 -0.000204335 -0.000188552 1 5 -0.913313 -0.407259 0 1
5 -0.0413515 -0.0185367 0.588235 5 -0.913313 -0.407259 0.411765 1
5 -0.0794835 -0.0355402 0.346021 5 -0.913313 -0.407259 0.242215 1
5 -0.117941 -0.0526889 0.203542 5 -0.913313 -0.407259 0.142479 1
5 -0.132351 -0.0591147 0.11973 5 -0.913313 -0.407259 0.0838113 1
5 -0.135008 -0.0602994 0.0704296 5 -0.913313 -0.407259 0.0493007 1
5 -0.202594 -0.0904367 0.0414292 5 -0.913313 -0.407259 0.0290004 1
5 -0.287692 -0.128383 0.0243701 5 -0.913313 -0.407259 0.0170591 1
5 -0.319835 -0.142716 0.0143354 5 -0.913313 -0.407259 0.0100348 1
5 -0.365289 -0.162985 0.00843257 5 -0.913313 -0.407259 0.0059028 1
6 -0.000607777 0.000188332 1 6 0.52622 0.850348 0 1
6 0.0444554 0.0730084 0.588235 6 0.52622 0.850348 0.411765 1
6 0.0681724 0.111334 0.346021 6 0.52622 0.850348 0.242215 1
6 0.085964 0.140084 0.203542 6 0.52622 0.850348 0.142479 1
6 0.0966347 0.157328 0.11973 6 0.52622 0.850348 0.0838113 1
6 0.151564 0.246091 0.0704296 6 0.52622 0.850348 0.0493007 1
6 0.200274 0.324805 0.0414292 6 0.52622 0.850348 0.0290004 1
6 0.200372 0.324963 0.0243701 6 0.52622 0.850348 0.0170591 1
6 0.209964 0.340463 0.0143354 6 -0.523599 -0.851965 0.0100348 1
6 0.139263 0.225424 0.00843257 6 -0.523599 -0.851965 0.0059028 1
6 0.130634 0.211382 0.00496033 6 -0.523599 -0.851965 0.00347223 1
6 0.129776 0.209987 0.00291784 6 -0.523599 -0.851965 0.00204249 1
6 0.126622 0.204855 0.00171638 6 -0.523599 -0.851965 0.00120146 1
6 0.0678804 0.109274 0.00100963 6 -0.523599 -0.851965 0.000706744 1
6 0.057859 0.0929679 0.000593902 6 -0.523599 -0.851965 0.000415732 1
6 0.0233731 0.0368547 0.000349354 6 -0.523599 -0.851965 0.000244548 1
6 0.0129612 0.0199132 0.000205503 6 -0.523599 -0.851965 0.000143852 1
6 -0.0527034 -0.0869317 0.000120884 6 -0.523599 -0.851965 8.46187e-05 1
6 -0.145685 -0.238225 7.11082e-05 6 -0.523599 -0.851965 4.97757e-05 1
7 -0.000162633 -0.000223266 1 7 0.864817 0.502087 0 1
7 0.255622 0.148277 0.588235 7 0.864817 0.502087 0.411765 1
7 0.305063 0.176982 0.346021 7 0.864817 0.502087 0.242215 1
7 0.345983 0.200738 0.203542 7 -0.865097 -0.501605 0.142479 1
7 0.341044 0.197875 0.11973 7 -0.865097 -0.501605 0.0838113 1
7 0.339732 0.197114 0.0704296 7 -0.865097 -0.501605 0.0493007 1
7 0.288608 0.167471 0.0414292 7 -0.865097 -0.501605 0.0290004 1
7 0.263896 0.153143 0.0243701 7 -0.865097 -0.501605 0.0170591 1
7 0.21649 0.125655 0.0143354 7 -0.865097 -0.501605 0.0100348 1
7 0.204452 0.118675 0.00843257 7 -0.865097 -0.501605 0.0059028 1
7 0.160734 0.0933268 0.00496033 7 -0.865097 -0.501605 0.00347223 1
7 0.12564 0.0729782 0.00291784 7 -0.865097 -0.501605 0.00204249 1
7 0.124907 0.0725528 0.00171638 7 -0.865097 -0.501605 0.00120146 1
7 0.10084 0.0585986 0.00100963 7 -0.865097 -0.501605 0.000706744 1
7 -0.0302391 -0.0174046 0.000593902 7 -0.865097 -0.501605 0.000415732 1
7 -0.0375543 -0.0216461 0.000349354 7 -0.865097 -0.501605 0.000244548 1
7 -0.0428157 -0.0246968 0.000205503 7 -0.865097 -0.501605 0.000143852 1
7 -0.0821502 -0.047504 0.000120884 7 -0.865097 -0.501605 8.46187e-05 1
7 -0.0996012 -0.0576225 7.11082e-05 7 -0.865097 -0.501605 4.97757e-05 1

