1 0.000392959 0.000417677 1 1 -0.810237 -0.586102 0 1
1 -0.0346559 -0.0249356 0.588235 1 -0.912142 0.409874 0.411765 1
1 -0.0390949 -0.022941 0.346021 1 -0.664439 -0.747342 0.242215 1
1 -0.064243 -0.0512269 0.203542 1 -0.868987 -0.494836 0.142479 1
1 -0.206373 -0.132161 0.11973 1 -0.938359 -0.345663 0.0838113 1
1 -0.268537 -0.15506 0.0704296 1 -0.983666 -0.180003 0.0493007 1
1 -0.273797 -0.156023 0.0414292 1 -0.928667 0.370915 0.0290004 1
1 -0.285154 -0.151487 0.0243701 1 -0.826459 0.562997 0.0170591 1
1 -0.332275 -0.119388 0.0143354 1 -0.933648 0.358191 0.0100348 1
1 -0.387786 -0.0980911 0.00843257 1 -0.753971 0.656907 0.0059028 1
2 0.0014085 0.000281519 1 2 0.125375 0.992109 0 1
2 0.00408054 0.0214258 0.588235 2 -0.0798414 0.996808 0.411765 1
2 0.00291787 0.0359415 0.346021 2 0.432763 0.901508 0.242215 1
2 0.0104179 0.0515652 0.203542 2 0.921195 0.389101 0.142479 1
2 0.167922 0.118093 0.11973 2 0.981222 -0.192882 0.0838113 1
2 0.26108 0.0997804 0.0704296 2 -0.0768396 -0.997043 0.0493007 1
2 0.25579 0.0311494 0.0414292 2 -0.725911 -0.687789 0.0290004 1
2 0.254424 0.0298547 0.0243701 2 -0.13895 -0.990299 0.0170591 1
2 0.24902 -0.00865852 0.0143354 2 0.73003 -0.683415 0.0100348 1
2 0.315902 -0.0712693 0.00843257 2 0.388294 -0.921535 0.0059028 1
2 0.325428 -0.0938778 0.00496033 2 0.187843 0.982199 0.00347223 1
2 0.328143 -0.079681 0.00291784 2 0.924914 0.380177 0.00204249 1
2 0.329684 -0.0790477 0.00171638 2 -0.150086 0.988673 0.00120146 1
2 0.309672 0.0527771 0.00100963 2 0.994309 0.106532 0.000706744 1
2 0.392936 0.0616981 0.000593902 2 0.88048 0.474083 0.000415732 1
3 0.000153145 -0.000911736 1 3 0.949817 0.312806 0 1
3 0.0668542 0.0210551 0.588235 3 0.692206 0.7217 0.411765 1
3 0.148509 0.106189 0.346021 3 0.931494 0.363758 0.242215 1
3 0.159374 0.110432 0.203542 3 -0.686913 -0.72674 0.142479 1
3 0.151579 0.102185 0.11973 3 -0.995803 -0.0915178 0.0838113 1
3 0.107662 0.0981485 0.0704296 3 -0.497857 -0.867259 0.0493007 1
3 0.0534619 0.00373232 0.0414292 3 -0.25775 -0.966212 0.0290004 1
3 0.0258897 -0.0996259 0.0243701 3 0.126876 -0.991919 0.0170591 1
3 0.0273903 -0.111358 0.0143354 3 -0.496261 -0.868173 0.0100348 1
3 -0.0203082 -0.194804 0.00843257 3 -0.994039 -0.109027 0.0059028 1
3 -0.038312 -0.196778 0.00496033 3 -0.765141 -0.643863 0.00347223 1
3 -0.046237 -0.203447 0.00291784 3 -0.704484 -0.70972 0.00204249 1
3 -0.090041 -0.247577 0.00171638 3 -0.831474 -0.555563 0.00120146 1
3 -0.145954 -0.284936 0.00100963 3 -0.969354 -0.245667 0.000706744 1
3 -0.151462 -0.286332 0.000593902 3 -0.685954 -0.727645 0.000415732 1
3 -0.19737 -0.33503 0.000349354 3 -0.603876 -0.797078 0.000244548 1
3 -0.204151 -0.34398 0.000205503 3 -0.821306 -0.570488 0.000143852 1
4 0.000804266 -0.000731234 1 4 0.937916 0.346862 0 1
4 0.102775 0.0369798 0.588235 4 -0.60703 0.794679 0.411765 1
4 -0.0204993 0.198362 0.346021 4 -0.889606 0.456728 0.242215 1
4 -0.0889308 0.233495 0.203542 4 -0.921882 -0.387471 0.142479 1
4 -0.312303 0.139611 0.11973 4 -0.767725 0.64078 0.0838113 1
4 -0.340721 0.16333 0.0704296 4 -0.662428 0.749126 0.0493007 1
4 -0.347187 0.170642 0.0414292 4 -0.955647 0.294514 0.0290004 1
4 -0.359901 0.17456 0.0243701 4 -0.690494 0.723338 0.0170591 1
5 -0.000312979 0.00056452 1 5 -0.925985 0.37756 0 1
5 -0.101785 0.0419387 0.588235 5 -0.974465 0.224541 0.411765 1
5 -0.134601 0.0495004 0.346021 5 -0.286698 0.958021 0.242215 1
5 -0.137605 0.0595377 0.203542 5 0.398369 0.917225 0.142479 1
5 -0.0582771 0.242187 0.11973 5 -0.126727 0.991938 0.0838113 1
5 -0.0680604 0.318764 0.0704296 5 -0.945376 -0.325981 0.0493007 1
5 -0.137936 0.29467 0.0414292 5 -0.616946 0.787006 0.0290004 1
5 -0.162505 0.326011 0.0243701 5 -0.0310959 0.999516 0.0170591 1
5 -0.163551 0.359636 0.0143354 5 -0.524362 0.851496 0.0100348 1
5 -0.166152 0.363859 0.00843257 5 0.199368 0.979925 0.0059028 1
6 2.01032e-06 5.73837e-05 1 6 -0.425307 0.905049 0 1
6 -0.0268129 0.0571193 0.588235 6 -0.119716 0.992808 0.411765 1
6 -0.028732 0.0730344 0.346021 6 0.505176 0.863016 0.242215 1
6 -0.0191214 0.0894528 0.203542 6 -0.679562 0.733618 0.142479 1
6 -0.0425419 0.114736 0.11973 6 -0.403529 0.914967 0.0838113 1
6 -0.0607597 0.156044 0.0704296 6 0.245991 0.969272 0.0493007 1
6 -0.0544734 0.180813 0.0414292 6 0.547939 0.836518 0.0290004 1
6 0.0833478 0.39122 0.0243701 6 0.1594 -0.987214 0.0170591 1
6 0.0872047 0.367333 0.0143354 6 -0.981548 -0.191216 0.0100348 1
6 0.0297702 0.356144 0.00843257 6 -0.98104 0.193807 0.0059028 1
6 -0.00281185 0.362581 0.00496033 6 -0.633591 0.773668 0.00347223 1
6 -0.0323809 0.398687 0.00291784 6 -0.976828 0.214026 0.00204249 1
7 0.00144501 -0.000297713 1 7 0.990294 -0.138991 0 1
7 0.00751231 -0.00114928 0.588235 7 0.96244 0.271494 0.411765 1
7 0.0192079 0.00214992 0.346021 7 0.776688 -0.629885 0.242215 1
7 0.0310338 -0.00744079 0.203542 7 0.95424 0.299043 0.142479 1
7 0.0757761 0.00658073 0.11973 7 0.249 0.968504 0.0838113 1
7 0.0985951 0.0953367 0.0704296 7 0.531757 0.846897 0.0493007 1
7 0.126443 0.139688 0.0414292 7 0.574569 0.818456 0.0290004 1
7 0.165387 0.195163 0.0243701 7 0.811623 0.584181 0.0170591 1
7 0.194217 0.215914 0.0143354 7 0.978106 -0.208107 0.0100348 1
7 0.356511 0.181383 0.00843257 7 -0.407646 -0.91314 0.0059028 1

