1 0.00116722 0.00089114 1 1 -0.96713 -0.254284 0 1
1 -0.108095 -0.0278368 0.588235 1 -0.757834 -0.652447 0.411765 1
1 -0.123099 -0.0407545 0.346021 1 -0.974653 -0.223723 0.242215 1
1 -0.140996 -0.0448625 0.203542 1 -0.820868 -0.571118 0.142479 1
1 -0.210577 -0.0932734 0.11973 1 0.159168 -0.987252 0.0838113 1
1 -0.199484 -0.16208 0.0704296 1 0.764346 -0.644806 0.0493007 1
1 -0.174205 -0.183406 0.0414292 1 0.0951822 -0.99546 0.0290004 1
1 -0.156545 -0.368094 0.0243701 1 0.783048 0.621961 0.0170591 1
1 -0.145297 -0.35916 0.0143354 1 0.114959 0.99337 0.0100348 1
1 -0.140118 -0.314406 0.00843257 1 0.00455065 0.99999 0.0059028 1
1 -0.139899 -0.266447 0.00496033 1 -0.454171 0.890915 0.00347223 1
1 -0.205533 -0.137698 0.00291784 1 -0.880138 0.474719 0.00204249 1
1 -0.263247 -0.106568 0.00171638 1 -0.808162 0.58896 0.00120146 1
1 -0.337795 -0.0522409 0.00100963 1 -0.935495 0.353341 0.000706744 1
1 -0.36304 -0.0427055 0.000593902 1 -0.816952 0.576705 0.000415732 1
1 -0.39653 -0.0190642 0.000349354 1 -0.564552 0.825397 0.000244548 1
1 -0.399742 -0.0143688 0.000205503 1 -0.986401 0.164354 0.000143852 1
2 -0.000993844 0.000387441 1 2 0.52342 -0.852075 0 1
2 0.0304886 -0.0508628 0.588235 2 0.837937 -0.545768 0.411765 1
2 0.0791332 -0.0825462 0.346021 2 0.318784 -0.947827 0.242215 1
2 0.117469 -0.196529 0.203542 2 0.625761 -0.780015 0.142479 1
2 0.129727 -0.211808 0.11973 2 0.396453 -0.918055 0.0838113 1
2 0.1514 -0.261996 0.0704296 2 0.182946 -0.983123 0.0493007 1
2 0.152749 -0.269243 0.0414292 2 0.713345 -0.700814 0.0290004 1
2 0.219239 -0.334565 0.0243701 2 -0.357808 0.933795 0.0170591 1
2 0.197894 -0.278859 0.0143354 2 -0.809872 -0.586607 0.0100348 1
2 0.168959 -0.299817 0.00843257 2 -0.984568 -0.175003 0.0059028 1
2 0.0563124 -0.31984 0.00496033 2 -0.995351 0.0963166 0.00347223 1
2 0.0109855 -0.315454 0.00291784 2 -0.342982 -0.939342 0.00204249 1
2 0.00461326 -0.332906 0.00171638 2 -0.479335 -0.877632 0.00120146 1
2 -0.0313592 -0.398769 0.00100963 2 -0.0728547 -0.997343 0.000706744 1
3 -8.10107e-06 -0.000311143 1 3 0.966841 -0.255379 0 1
3 0.0845473 -0.0226455 0.588235 3 0.715997 -0.698103 0.411765 1
3 0.118192 -0.0554497 0.346021 3 0.76525 -0.643734 0.242215 1
3 0.201895 -0.125861 0.203542 3 -0.983404 -0.18143 0.142479 1
3 0.200657 -0.126089 0.11973 3 -0.982005 0.188853 0.0838113 1
3 0.185497 -0.123174 0.0704296 3 -0.806149 -0.591713 0.0493007 1
3 0.18029 -0.126995 0.0414292 3 -0.973064 -0.230535 0.0290004 1
3 0.151875 -0.133727 0.0243701 3 -0.995929 0.0901395 0.0170591 1
3 0.145119 -0.133116 0.0143354 3 -0.85654 0.51608 0.0100348 1
3 0.133634 -0.126195 0.00843257 3 -0.944624 0.328156 0.0059028 1
3 0.0447891 -0.0953314 0.00496033 3 -0.995671 0.0929464 0.00347223 1
3 -0.00769628 -0.0904319 0.00291784 3 -0.966305 0.257402 0.00204249 1
3 -0.0656334 -0.0749987 0.00171638 3 -0.93468 0.355491 0.00120146 1
3 -0.0715446 -0.0727505 0.00100963 3 -0.997382 0.0723196 0.000706744 1
3 -0.0750069 -0.0724994 0.000593902 3 -0.745812 0.666156 0.000415732 1
3 -0.0887964 -0.0601827 0.000349354 3 -0.984905 0.173097 0.000244548 1
3 -0.0901818 -0.0599392 0.000205503 3 -0.44623 -0.894918 0.000143852 1
3 -0.177306 -0.234669 0.000120884 3 0.198976 -0.980004 8.46187e-05 1
3 -0.161168 -0.314154 7.11082e-05 3 -0.132455 -0.991189 4.97757e-05 1
4 0.000913747 0.000371659 1 4 -0.342346 -0.939574 0 1
4 -0.000656869 -0.00393893 0.588235 4 -0.206137 -0.978523 0.411765 1
4 -0.027988 -0.133679 0.346021 4 -0.738034 -0.674763 0.242215 1
4 -0.0533228 -0.156842 0.203542 4 -0.965359 -0.260925 0.142479 1
4 -0.101596 -0.169889 0.11973 4 -0.880291 -0.474434 0.0838113 1
4 -0.118713 -0.179114 0.0704296 4 -0.999447 0.0332576 0.0493007 1
4 -0.128566 -0.178787 0.0414292 4 -0.217083 0.976153 0.0290004 1
4 -0.141748 -0.11951 0.0243701 4 0.23754 0.971378 0.0170591 1
4 -0.132545 -0.0818747 0.0143354 4 -0.620806 -0.783964 0.0100348 1
4 -0.170256 -0.129497 0.00843257 4 0.609761 -0.792585 0.0059028 1
4 -0.154321 -0.15021 0.00496033 4 0.337521 -0.941318 0.00347223 1
4 -0.147949 -0.167979 0.00291784 4 0.995119 -0.0986785 0.00204249 1
4 0.0934962 -0.191921 0.00171638 4 0.956486 -0.291778 0.00120146 1
4 0.106929 -0.196019 0.00100963 4 -0.24736 -0.968924 0.000706744 1
4 0.0917902 -0.255319 0.000593902 4 -0.287988 -0.957634 0.000415732 1
4 0.0783566 -0.29999 0.000349354 4 0.909999 -0.414611 0.000244548 1
4 0.168088 -0.340873 0.000205503 4 0.986546 0.163481 0.000143852 1
4 0.175473 -0.339649 0.000120884 4 0.965265 0.261271 8.46187e-05 1
4 0.199716 -0.333087 7.11082e-05 4 0.994861 -0.101249 4.97757e-05 1
4 0.205447 -0.33367 4.18283e-05 4 0.394729 0.918798 2.92798e-05 1
4 0.251437 -0.226621 2.46049e-05 4 0.976998 -0.213249 1.72234e-05 1
5 -0.000392059 -4.74232e-05 1 5 -0.994634 -0.103454 0 1
5 -0.026526 -0.00276567 0.588235 5 -0.453143 0.891438 0.411765 1
5 -0.028843 0.00179246 0.346021 5 -0.682296 0.731076 0.242215 1
5 -0.0520342 0.0266416 0.203542 5 -0.462244 0.886753 0.142479 1
5 -0.0567995 0.0357832 0.11973 5 0.00652296 0.999979 0.0838113 1
5 -0.0565403 0.0755087 0.0704296 5 -0.448498 0.893784 0.0493007 1
5 -0.0664725 0.0953019 0.0414292 5 -0.144658 0.989482 0.0290004 1
5 -0.0741543 0.147847 0.0243701 5 -0.430477 0.902602 0.0170591 1
5 -0.0754831 0.150633 0.0143354 5 -0.948155 -0.317809 0.0100348 1
5 -0.244222 0.0940739 0.00843257 5 -0.49862 -0.866821 0.0059028 1
5 -0.258448 0.0693424 0.00496033 5 0.0798454 0.996807 0.00347223 1
5 -0.250726 0.16574 0.00291784 5 -0.0528623 0.998602 0.00204249 1
5 -0.252499 0.199221 0.00171638 5 0.326467 0.945209 0.00120146 1
5 -0.244873 0.221301 0.00100963 5 0.915759 0.401729 0.000706744 1
5 -0.232129 0.226892 0.000593902 5 0.471785 -0.881714 0.000415732 1
5 -0.20368 0.173725 0.000349354 5 0.567632 -0.823282 0.000244548 1
5 -0.1958 0.162295 0.000205503 5 0.723983 -0.689818 0.000143852 1
5 -0.110173 0.0807091 0.000120884 5 0.999891 -0.0147523 8.46187e-05 1
5 -0.0861671 0.0803549 7.11082e-05 5 0.316174 0.948701 4.97757e-05 1
6 0.00052156 -0.000125217 1 6 -0.99632 -0.0857068 0 1
6 -0.0293916 -0.00269844 0.588235 6 0.250785 -0.968043 0.411765 1
6 -0.0115699 -0.0714906 0.346021 6 0.489322 -0.872103 0.242215 1
6 -0.0106987 -0.0730435 0.203542 6 0.993867 -0.110578 0.142479 1
6 0.0611704 -0.0810396 0.11973 6 0.919275 0.393616 0.0838113 1
6 0.106836 -0.0614865 0.0704296 6 0.0251457 0.999684 0.0493007 1
6 0.110082 0.0675549 0.0414292 6 -0.410697 -0.911772 0.0290004 1
6 0.0643532 -0.0339654 0.0243701 6 -0.732961 -0.680271 0.0170591 1
6 0.0605089 -0.0375334 0.0143354 6 -0.394417 -0.918932 0.0100348 1
6 0.0573652 -0.0448577 0.00843257 6 -0.119987 -0.992775 0.0059028 1
6 0.0530055 -0.08093 0.00496033 6 0.99997 -0.00778732 0.00347223 1
6 0.0648718 -0.0810224 0.00291784 6 0.420012 -0.907518 0.00204249 1
6 0.0714168 -0.0951641 0.00171638 6 0.807338 -0.59009 0.00120146 1
6 0.129766 -0.137812 0.00100963 6 0.50648 -0.862252 0.000706744 1
6 0.135945 -0.148332 0.000593902 6 -0.86737 -0.497663 0.000415732 1
6 -0.0106041 -0.232416 0.000349354 6 -0.711008 -0.703183 0.000244548 1
6 -0.0485164 -0.269911 0.000205503 6 -0.0987202 -0.995115 0.000143852 1
6 -0.0523614 -0.308669 0.000120884 6 -0.675719 -0.737159 8.46187e-05 1
6 -0.0776801 -0.33629 7.11082e-05 6 -0.106749 -0.994286 4.97757e-05 1
7 -0.000405405 -0.000508643 1 7 -0.988888 0.148661 0 1
7 -0.276738 0.041033 0.588235 7 0.275822 0.961209 0.411765 1
7 -0.256185 0.112658 0.346021 7 0.548567 0.836107 0.242215 1
7 -0.185617 0.220216 0.203542 7 -0.0526403 0.998614 0.142479 1
7 -0.188779 0.280205 0.11973 7 0.457833 0.889038 0.0838113 1
7 -0.188479 0.280787 0.0704296 7 0.894343 0.447381 0.0493007 1
7 -0.153799 0.298135 0.0414292 7 0.971679 -0.236303 0.0290004 1
7 -0.136528 0.293935 0.0243701 7 -0.00588001 -0.999983 0.0170591 1
7 -0.136679 0.268296 0.0143354 7 -0.75081 -0.660518 0.0100348 1
7 -0.160751 0.247119 0.00843257 7 -0.521167 0.853455 0.0059028 1
7 -0.215593 0.336927 0.00496033 7 -0.65519 0.755464 0.00347223 1

