1 -0.000893224 0.000638986 1 1 0.551229 -0.834354 0 1
1 -0.000405305 -9.95391e-05 0.588235 1 -0.918643 -0.395088 0.411765 1
1 -0.039639 -0.0169731 0.346021 1 -0.871141 -0.491032 0.242215 1
1 -0.0794496 -0.0394129 0.203542 1 -0.947404 -0.320039 0.142479 1
1 -0.0894475 -0.0427903 0.11973 1 -0.99241 0.122973 0.0838113 1
1 -0.090995 -0.0425985 0.0704296 1 -0.995664 0.0930228 0.0493007 1
1 -0.22376 -0.0301946 0.0414292 1 -0.997883 0.0650295 0.0290004 1
1 -0.284847 -0.0262137 0.0243701 1 -0.99993 -0.011817 0.0170591 1
1 -0.331865 -0.0267693 0.0143354 1 -0.999731 0.0231801 0.0100348 1
1 -0.399205 -0.025208 0.00843257 1 -0.993438 0.114374 0.0059028 1
2 0.000420381 0.000472865 1 2 -0.835063 0.550154 0 1
2 -0.00222274 0.0022142 0.588235 2 -0.718758 0.69526 0.411765 1
2 -0.14444 0.139782 0.346021 2 -0.663472 0.748201 0.242215 1
2 -0.200172 0.202631 0.203542 2 -0.78423 0.620471 0.142479 1
2 -0.203189 0.205019 0.11973 2 -0.825398 0.564551 0.0838113 1
2 -0.216016 0.213792 0.0704296 2 -0.813962 0.580917 0.0493007 1
2 -0.232799 0.225769 0.0414292 2 -0.885777 0.464111 0.0290004 1
2 -0.233693 0.226238 0.0243701 2 -0.801268 0.598305 0.0170591 1
2 -0.266798 0.250958 0.0143354 2 -0.771792 0.635876 0.0100348 1
2 -0.292875 0.272442 0.00843257 2 -0.813893 0.581015 0.0059028 1
3 1.54666e-05 -5.35261e-06 1 3 0.782603 0.622521 0 1
3 0.0236496 0.0187944 0.588235 3 0.860647 0.509203 0.411765 1
3 0.269403 0.164195 0.346021 3 0.841035 0.54098 0.242215 1
3 0.34049 0.20992 0.203542 3 -0.861104 -0.508429 0.142479 1
3 0.256025 0.160048 0.11973 3 -0.819821 -0.572619 0.0838113 1
3 0.0280902 0.000843552 0.0704296 3 -0.752947 -0.658082 0.0493007 1
3 0.0239596 -0.00276663 0.0414292 3 -0.803456 -0.595365 0.0290004 1
3 -0.0687108 -0.0714358 0.0243701 3 -0.967354 -0.253429 0.0170591 1
3 -0.274127 -0.125251 0.0143354 3 -0.121022 0.99265 0.0100348 1
3 -0.27445 -0.122594 0.00843257 3 -0.065722 0.997838 0.0059028 1
3 -0.27541 -0.108025 0.00496033 3 -0.992502 -0.122231 0.00347223 1
3 -0.288027 -0.109578 0.00291784 3 -0.967303 -0.253624 0.00204249 1
3 -0.377251 -0.132973 0.00171638 3 -0.975138 -0.221597 0.00120146 1
4 0.000617488 -0.000451447 1 4 0.225739 0.974188 0 1
4 0.0104499 0.041981 0.588235 4 0.276214 0.961096 0.411765 1
4 0.0127056 0.0498295 0.346021 4 -0.559229 0.829013 0.242215 1
4 -0.0218021 0.100984 0.203542 4 -0.518372 0.855155 0.142479 1
4 -0.0389201 0.129224 0.11973 4 -0.570713 0.821149 0.0838113 1
4 -0.181989 0.335073 0.0704296 4 -0.602737 0.79794 0.0493007 1
4 -0.187411 0.342252 0.0414292 4 0.129514 0.991578 0.0290004 1
4 -0.18585 0.354203 0.0243701 4 0.889524 -0.456888 0.0170591 1
4 -0.108373 0.314408 0.0143354 4 0.108519 -0.994094 0.0100348 1
4 -0.107558 0.30695 0.00843257 4 -0.547671 -0.836694 0.0059028 1
4 -0.107779 0.306613 0.00496033 4 0.752497 -0.658596 0.00347223 1
4 -0.0685572 0.272285 0.00291784 4 0.858131 -0.51343 0.00204249 1
4 -0.0551805 0.264282 0.00171638 4 -0.120352 -0.992731 0.00120146 1
4 -0.0645619 0.186898 0.00100963 4 0.187881 -0.982192 0.000706744 1
4 -0.0636078 0.181911 0.000593902 4 0.0678916 -0.997693 0.000415732 1
4 -0.0585549 0.107656 0.000349354 4 0.046908 -0.998899 0.000244548 1
4 -0.0563778 0.0612959 0.000205503 4 -0.0806512 -0.996742 0.000143852 1
4 -0.0660395 -0.0581092 0.000120884 4 -0.135085 -0.990834 8.46187e-05 1
4 -0.0681933 -0.0739072 7.11082e-05 4 -0.238059 -0.971251 4.97757e-05 1
5 0.000617564 -2.12279e-05 1 5 0.0176674 -0.999844 0 1
5 0.00144945 -0.0470997 0.588235 5 -0.293326 -0.956012 0.411765 1
5 -0.0195185 -0.115439 0.346021 5 -0.321671 -0.946852 0.242215 1
5 -0.0330377 -0.155233 0.203542 5 -0.267836 -0.963465 0.142479 1
5 -0.0488799 -0.212221 0.11973 5 -0.234194 -0.97219 0.0838113 1
5 -0.0540137 -0.233532 0.0704296 5 -0.336632 -0.941636 0.0493007 1
5 -0.0672885 -0.270665 0.0414292 5 -0.613305 -0.789846 0.0290004 1
5 -0.0712226 -0.275731 0.0243701 5 -0.445461 -0.895301 0.0170591 1
5 -0.117081 -0.367899 0.0143354 5 -0.529578 -0.848261 0.0100348 1
5 -0.124681 -0.380072 0.00843257 5 -0.434823 -0.900516 0.0059028 1
6 1.80402e-05 -1.62542e-05 1 6 -0.585933 0.81036 0 1
6 -0.0626152 0.0866071 0.588235 6 -0.542158 0.840276 0.411765 1
6 -0.117981 0.172418 0.346021 6 -0.490084 0.871675 0.242215 1
6 -0.122476 0.180412 0.203542 6 -0.461292 0.887248 0.142479 1
6 -0.205218 0.339557 0.11973 6 -0.767893 0.640578 0.0838113 1
6 -0.207853 0.341756 0.0704296 6 -0.804652 0.593747 0.0493007 1
7 0.000439474 0.000229718 1 7 0.826712 -0.562626 0 1
7 0.0411629 -0.0274849 0.588235 7 0.98657 -0.163342 0.411765 1
7 0.0488763 -0.028762 0.346021 7 0.999732 -0.0231652 0.242215 1
7 0.0682163 -0.0292102 0.203542 7 0.998682 0.0513239 0.142479 1
7 0.0898483 -0.0280985 0.11973 7 0.843986 -0.536366 0.0838113 1
7 0.093575 -0.0304668 0.0704296 7 0.8154 -0.578898 0.0493007 1
7 0.115089 -0.0457407 0.0414292 7 0.94458 -0.32828 0.0290004 1
7 0.182948 -0.0693246 0.0243701 7 0.960009 -0.279969 0.0170591 1
7 0.241762 -0.0864765 0.0143354 7 0.974412 -0.22477 0.0100348 1
7 0.341021 -0.109373 0.00843257 7 0.87544 -0.483328 0.0059028 1
7 0.378301 -0.129955 0.00496033 7 -0.987649 0.156685 0.00347223 1
7 0.34175 -0.124156 0.00291784 7 -0.981302 0.192477 0.00204249 1
7 0.328073 -0.121474 0.00171638 7 -0.982786 -0.18475 0.00120146 1
7 0.226598 -0.14055 0.00100963 7 -0.995841 -0.0911102 0.000706744 1
7 0.144943 -0.14802 0.000593902 7 -0.986602 -0.163147 0.000415732 1
7 0.136832 -0.149362 0.000349354 7 -0.996285 -0.0861169 0.000244548 1
7 0.112825 -0.151437 0.000205503 7 -0.901226 -0.433349 0.000143852 1
7 0.0263567 -0.193014 0.000120884 7 -0.951709 -0.307001 8.46187e-05 1
7 -0.0826046 -0.228163 7.11082e-05 7 -0.98848 0.151351 4.97757e-05 1

