1 0.000548712 -0.000732784 1 1 0.351282 0.93627 0 1
1 0.00172101 0.00239174 0.588235 1 0.947624 0.319389 0.411765 1
1 0.0869906 0.0311312 0.346021 1 0.774242 -0.63289 0.242215 1
1 0.0984322 0.0217784 0.203542 1 0.999333 0.0365078 0.142479 1
1 0.176433 0.024628 0.11973 1 0.895735 -0.444588 0.0838113 1
1 0.188645 0.0185664 0.0704296 1 0.553086 0.833124 0.0493007 1
1 0.203913 0.0415641 0.0414292 1 -0.679421 0.733748 0.0290004 1
1 0.138598 0.112101 0.0243701 1 -0.725867 -0.687836 0.0170591 1
1 -0.0705799 -0.0861172 0.0143354 1 -0.820713 -0.571341 0.0100348 1
1 -0.0799183 -0.0926182 0.00843257 1 -0.987044 0.160452 0.0059028 1
1 -0.0846262 -0.0918529 0.00496033 1 -0.662419 0.749134 0.00347223 1
1 -0.0881692 -0.0878461 0.00291784 1 0.476606 0.879117 0.00204249 1
1 -0.0556917 -0.0279401 0.00171638 1 0.197692 0.980264 0.00120146 1
1 -0.0358608 0.0703924 0.00100963 1 0.994406 0.105628 0.000706744 1
1 -0.0339195 0.0705986 0.000593902 1 0.99999 -0.00437895 0.000415732 1
1 0.0577786 0.070197 0.000349354 1 0.516702 0.856165 0.000244548 1
1 0.0663967 0.0844769 0.000205503 1 0.447464 0.894302 0.000143852 1
1 0.0675708 0.0868235 0.000120884 1 0.00640451 0.999979 8.46187e-05 1
1 0.0680282 0.158243 7.11082e-05 1 0.635254 0.772303 4.97757e-05 1
2 -0.00031725 -2.65098e-05 1 2 -0.353501 0.935434 0 1
2 -0.00511736 0.0126755 0.588235 2 -0.552539 0.833487 0.411765 1
2 -0.00989408 0.0198811 0.346021 2 -0.945786 0.324792 0.242215 1
2 -0.0439799 0.0315864 0.203542 2 -0.97247 0.233027 0.142479 1
2 -0.0850146 0.0414193 0.11973 2 -0.959937 -0.280216 0.0838113 1
2 -0.10387 0.0359153 0.0704296 2 -0.916865 0.399197 0.0493007 1
2 -0.168966 0.0642577 0.0414292 2 -0.999993 0.00374824 0.0290004 1
2 -0.187524 0.0643272 0.0243701 2 -0.994234 -0.107231 0.0170591 1
2 -0.36647 0.0450273 0.0143354 2 -0.992292 0.123924 0.0100348 1
2 -0.38028 0.046752 0.00843257 2 -0.92991 0.367788 0.0059028 1
2 -0.396453 0.0531487 0.00496033 2 -0.704477 0.709726 0.00347223 1
3 -0.000458949 0.00110914 1 3 -0.985846 0.167656 0 1
3 -0.0166714 0.00386629 0.588235 3 -0.409198 -0.912446 0.411765 1
3 -0.0210552 -0.00590872 0.346021 3 0.0611831 -0.998127 0.242215 1
3 -0.0194625 -0.0318909 0.203542 3 0.854438 -0.519554 0.142479 1
3 0.268725 -0.207128 0.11973 3 0.818827 0.57404 0.0838113 1
3 0.34285 -0.155163 0.0704296 3 -0.713782 -0.700368 0.0493007 1
3 0.277942 -0.218851 0.0414292 3 -0.518512 -0.85507 0.0290004 1
3 0.237801 -0.285047 0.0243701 3 -0.495538 -0.868586 0.0170591 1
3 0.222973 -0.311039 0.0143354 3 0.0481357 -0.998841 0.0100348 1
3 0.223926 -0.330824 0.00843257 3 -0.0479815 -0.998848 0.0059028 1
3 0.223895 -0.331468 0.00496033 3 -0.751708 -0.659496 0.00347223 1
4 0.000492021 -0.00080932 1 4 -0.993504 0.1138 0 1
4 -0.23425 0.0260789 0.588235 4 -0.999971 0.00765691 0.411765 1
4 -0.253586 0.026227 0.346021 4 -0.94615 0.32373 0.242215 1
4 -0.279614 0.0351325 0.203542 4 -0.248956 0.968515 0.142479 1
4 -0.283085 0.0486354 0.11973 4 -0.453272 0.891372 0.0838113 1
4 -0.305279 0.0922805 0.0704296 4 -0.999206 -0.0398461 0.0493007 1
4 -0.315236 0.0918835 0.0414292 4 -0.548779 -0.835967 0.0290004 1
4 -0.37487 0.0010408 0.0243701 4 -0.996919 -0.0784359 0.0170591 1
4 -0.399999 -0.000936265 0.0143354 4 -0.905757 -0.423798 0.0100348 1
5 -0.00112882 0.000501961 1 5 -0.910903 -0.41262 0 1
5 -0.0294074 -0.0123076 0.588235 5 -0.213268 -0.976994 0.411765 1
5 -0.0429215 -0.0742163 0.346021 5 -0.678701 0.734415 0.242215 1
5 -0.101276 -0.0110718 0.203542 5 0.300359 0.953826 0.142479 1
5 -0.0978917 -0.000325126 0.11973 5 -0.891813 0.452404 0.0838113 1
5 -0.108978 0.00529855 0.0704296 5 -0.795288 0.606232 0.0493007 1
5 -0.219079 0.089227 0.0414292 5 -0.708231 -0.705981 0.0290004 1
5 -0.32866 -0.0200055 0.0243701 5 -0.90566 -0.424004 0.0170591 1
5 -0.334431 -0.0227073 0.0143354 5 -0.932389 0.361457 0.0100348 1
5 -0.399991 0.00270819 0.00843257 5 -0.825848 0.563893 0.0059028 1
6 0.000956861 -0.000287618 1 6 0.872048 -0.48942 0 1
6 0.0359993 -0.0199545 0.588235 6 0.972228 0.234038 0.411765 1
6 0.173593 0.0131675 0.346021 6 0.95658 -0.29147 0.242215 1
6 0.189505 0.00831902 0.203542 6 0.798748 -0.601665 0.142479 1
6 0.19996 0.000444036 0.11973 6 0.482822 -0.875719 0.0838113 1
6 0.27023 -0.127009 0.0704296 6 0.979275 -0.202536 0.0493007 1
6 0.284094 -0.129876 0.0414292 6 0.677756 -0.735287 0.0290004 1
6 0.284888 -0.130738 0.0243701 6 -0.599554 -0.800334 0.0170591 1
6 0.278356 -0.139458 0.0143354 6 -0.938664 -0.344834 0.0100348 1
6 0.242923 -0.152475 0.00843257 6 -0.980302 -0.197507 0.0059028 1
6 0.200756 -0.16097 0.00496033 6 -0.697209 -0.716868 0.00347223 1
6 0.124573 -0.239302 0.00291784 6 -0.0407687 -0.999169 0.00204249 1
6 0.123886 -0.256137 0.00171638 6 0.99779 -0.0664401 0.00120146 1
6 0.135765 -0.256928 0.00100963 6 0.949969 -0.312343 0.000706744 1
6 0.177028 -0.270494 0.000593902 6 0.46607 -0.884748 0.000415732 1
6 0.202562 -0.318966 0.000349354 6 0.521432 -0.853293 0.000244548 1
6 0.214113 -0.337869 0.000205503 6 -0.548991 0.835828 0.000143852 1
6 0.211292 -0.333575 0.000120884 6 -0.49399 0.869468 8.46187e-05 1
6 0.202597 -0.31827 7.11082e-05 6 0.97905 0.203619 4.97757e-05 1
7 1.48321e-06 -6.09743e-07 1 7 0.345798 0.938309 0 1
7 0.0287788 0.0780855 0.588235 7 0.0286472 0.99959 0.411765 1
7 0.0299559 0.11916 0.346021 7 -0.365659 0.930749 0.242215 1
7 0.0118416 0.165268 0.203542 7 -0.227433 0.973794 0.142479 1
7 0.00382602 0.199588 0.11973 7 -0.799781 0.600292 0.0838113 1
7 -0.0602161 0.247657 0.0704296 7 -0.745758 0.666217 0.0493007 1
7 -0.0926266 0.27661 0.0414292 7 -0.682368 0.731009 0.0290004 1
7 -0.10106 0.285644 0.0243701 7 -0.891988 0.452059 0.0170591 1
7 -0.112693 0.29154 0.0143354 7 -0.998805 0.0488767 0.0100348 1
7 -0.170752 0.294381 0.00843257 7 -0.992423 -0.122866 0.0059028 1
7 -0.193171 0.291606 0.00496033 7 -0.987349 -0.158561 0.00347223 1
7 -0.289375 0.276156 0.00291784 7 -0.0986769 -0.99512 0.00204249 1

