1 0.00130152 0.000705427 1 1 -0.108284 -0.99412 0 1
1 -9.21741e-05 -0.0120896 0.833333 1 -0.108284 -0.99412 0.166667 1
1 -0.0194226 -0.189556 0.694444 1 -0.108284 -0.99412 0.138889 1
1 -0.0211567 -0.205477 0.578704 1 -0.108284 -0.99412 0.115741 1
1 -0.0381516 -0.361502 0.482253 1 -0.108284 -0.99412 0.0964506 1
1 -0.042103 -0.397778 0.401878 1 -0.108284 -0.99412 0.0803755 1
2 0.00098744 1.6427e-05 1 2 0.997942 0.0641197 0 1
2 0.39918 0.025601 0.833333 2 -0.997957 -0.0638855 0.166667 1
2 0.349505 0.022421 0.694444 2 -0.997957 -0.0638855 0.138889 1
2 0.336586 0.021594 0.578704 2 -0.997957 -0.0638855 0.115741 1
2 0.328078 0.0210493 0.482253 2 -0.997957 -0.0638855 0.0964506 1
2 0.0651204 0.00421579 0.401878 2 -0.997957 -0.0638855 0.0803755 1
2 -0.0880871 -0.005592 0.334898 2 -0.997957 -0.0638855 0.0669796 1
2 -0.157442 -0.0100319 0.279082 2 -0.997957 -0.0638855 0.0558163 1
2 -0.399186 -0.0255074 0.232568 2 -0.997957 -0.0638855 0.0465136 1
3 -0.000240891 -0.00144366 1 3 -0.730643 -0.682759 0 1
3 -0.0317413 -0.0308796 0.833333 3 -0.730643 -0.682759 0.166667 1
3 -0.186772 -0.17575 0.694444 3 -0.730643 -0.682759 0.138889 1
3 -0.291649 -0.273754 0.578704 3 -0.730643 -0.682759 0.115741 1
4 0.000677754 -0.000489632 1 4 0.942553 -0.334057 0 1
4 0.062897 -0.0225412 0.833333 4 0.942553 -0.334057 0.166667 1
4 0.249211 -0.0885741 0.694444 4 0.942553 -0.334057 0.138889 1
4 0.269813 -0.0958759 0.578704 4 0.942553 -0.334057 0.115741 1
4 0.342485 -0.121632 0.482253 4 0.942553 -0.334057 0.0964506 1
4 0.372691 -0.132338 0.401878 4 0.942553 -0.334057 0.0803755 1
4 0.376943 -0.133844 0.334898 4 -0.94216 0.335165 0.0669796 1
4 0.351632 -0.12484 0.279082 4 -0.94216 0.335165 0.0558163 1
4 0.219406 -0.0778021 0.232568 4 -0.94216 0.335165 0.0465136 1
4 0.212504 -0.0753469 0.193807 4 -0.94216 0.335165 0.0387613 1
4 0.205952 -0.073016 0.161506 4 -0.94216 0.335165 0.0323011 1
4 0.0918992 -0.0324428 0.134588 4 -0.94216 0.335165 0.0269176 1
4 0.0585886 -0.0205928 0.112157 4 -0.94216 0.335165 0.0224313 1
4 0.0398065 -0.0139113 0.0934639 4 -0.94216 0.335165 0.0186928 1
4 -0.0830984 0.029811 0.0778866 4 -0.94216 0.335165 0.0155773 1
4 -0.230774 0.0823454 0.0649055 4 -0.94216 0.335165 0.0129811 1
4 -0.358272 0.127701 0.0540879 4 -0.94216 0.335165 0.0108176 1
4 -0.376785 0.134287 0.0450732 4 -0.94216 0.335165 0.00901465 1

