
0.591506 0.627877
0.593578 0.62873
0.602376 0.632334
0.619162 0.638906
0.62163 0.639795
0.623141 0.640309
0.629092 0.642233
0.645892 0.649115
0.646096 0.649226
0.668849 0.652818
0.677636 0.654369
0.683046 0.655318
0.695318 0.65732
0.7 0.659579
0.700592 0.659865
0.70297 0.660992
0.707796 0.663272
0.710432 0.664551
0.733277 0.674227
0.740227 0.677058
0.749005 0.680753
0.756531 0.683979
0.770845 0.690538
0.781048 0.695263
0.786402 0.697784
0.798573 0.703336
0.800684 0.704364
0.810077 0.709146
0.821088 0.71489