1 0.493184 0.502937 1 1 -0.344222 0.655778 0 1
1 0.420336 0.64172 0.833333 1 -0.344222 0.655778 0.166667 1
1 0.412666 0.656332 0.694444 1 -0.344222 0.655778 0.138889 1
1 0.378948 0.720568 0.578704 1 -0.344222 0.655778 0.115741 1
1 0.370813 0.736066 0.482253 1 -0.344222 0.655778 0.0964506 1
1 0.31126 0.849521 0.401878 1 -0.344222 0.655778 0.0803755 1
1 0.30997 0.851978 0.334898 1 -0.344222 0.655778 0.0669796 1
2 0.502478 0.497377 1 2 -0.569473 -0.430527 0 1
2 0.446224 0.454848 0.833333 2 -0.569473 -0.430527 0.166667 1
2 0.330839 0.367616 0.694444 2 -0.569473 -0.430527 0.138889 1
2 0.199992 0.268695 0.578704 2 -0.569473 -0.430527 0.115741 1
2 0.183099 0.255923 0.482253 2 -0.569473 -0.430527 0.0964506 1
3 0.500213 0.499958 1 3 0.28201 0.71799 0 1
3 0.500784 0.501411 0.833333 3 0.28201 0.71799 0.166667 1
3 0.50235 0.505399 0.694444 3 0.28201 0.71799 0.138889 1
3 0.508967 0.522245 0.578704 3 0.28201 0.71799 0.115741 1
3 0.512474 0.531173 0.482253 3 0.28201 0.71799 0.0964506 1
3 0.524218 0.561074 0.401878 3 0.28201 0.71799 0.0803755 1
3 0.542541 0.607724 0.334898 3 0.28201 0.71799 0.0669796 1
3 0.553074 0.634541 0.279082 3 0.28201 0.71799 0.0558163 1
3 0.568886 0.674797 0.232568 3 0.28201 0.71799 0.0465136 1
3 0.592511 0.734945 0.193807 3 0.28201 0.71799 0.0387613 1
3 0.623746 0.81447 0.161506 3 0.28201 0.71799 0.0323011 1
3 0.642308 0.861728 0.134588 3 0.28201 0.71799 0.0269176 1
3 0.646434 0.872232 0.112157 3 0.28201 0.71799 0.0224313 1
4 0.490498 0.509143 1 4 -0.77607 -0.22393 0 1
4 0.469045 0.502953 0.833333 4 -0.77607 -0.22393 0.166667 1
4 0.43424 0.49291 0.694444 4 -0.77607 -0.22393 0.138889 1
4 0.290257 0.451364 0.578704 4 -0.77607 -0.22393 0.115741 1
4 0.185868 0.421244 0.482253 4 -0.77607 -0.22393 0.0964506 1
4 0.123412 0.403223 0.401878 4 -0.77607 -0.22393 0.0803755 1
4 0.11267 0.400123 0.334898 4 -0.77607 -0.22393 0.0669796 1
5 0.499297 0.499927 1 5 0.690038 -0.309962 0 1
5 0.574515 0.466139 0.833333 5 0.690038 -0.309962 0.166667 1
5 0.607124 0.451492 0.694444 5 0.690038 -0.309962 0.138889 1
5 0.618597 0.446338 0.578704 5 0.690038 -0.309962 0.115741 1
5 0.717685 0.401828 0.482253 5 0.690038 -0.309962 0.0964506 1
5 0.864733 0.335775 0.401878 5 0.690038 -0.309962 0.0803755 1
6 0.499517 0.501089 1 6 0.541662 -0.458338 0 1
6 0.530641 0.474753 0.833333 6 0.541662 -0.458338 0.166667 1
6 0.559983 0.449924 0.694444 6 0.541662 -0.458338 0.138889 1
6 0.563625 0.446843 0.578704 6 0.541662 -0.458338 0.115741 1
6 0.613075 0.405 0.482253 6 0.541662 -0.458338 0.0964506 1
6 0.6877 0.341854 0.401878 6 0.541662 -0.458338 0.0803755 1
6 0.728128 0.307645 0.334898 6 0.541662 -0.458338 0.0669796 1
6 0.760147 0.280552 0.279082 6 0.541662 -0.458338 0.0558163 1
6 0.78654 0.258218 0.232568 6 0.541662 -0.458338 0.0465136 1
6 0.805687 0.242017 0.193807 6 0.541662 -0.458338 0.0387613 1
7 0.488871 0.498961 1 7 0.462132 0.537868 0 1
7 0.609159 0.638962 0.833333 7 0.462132 0.537868 0.166667 1
7 0.61795 0.649194 0.694444 7 0.462132 0.537868 0.138889 1
7 0.722881 0.771321 0.578704 7 0.462132 0.537868 0.115741 1
7 0.754737 0.808398 0.482253 7 0.462132 0.537868 0.0964506 1

