1 0.502594 0.499159 1 1 -0.722357 0.277643 0 1
1 0.488222 0.504683 0.833333 1 -0.372819 0.678153 0.166667 1
1 0.465107 0.546728 0.694444 1 -0.587267 0.503987 0.138889 1
1 0.366434 0.631409 0.578704 1 -0.65046 0.41927 0.115741 1
1 0.347827 0.643402 0.482253 1 -0.632421 0.446015 0.0964506 1
1 0.339759 0.649093 0.401878 1 -0.602816 0.485281 0.0803755 1
1 0.334516 0.653313 0.334898 1 -0.715311 0.295322 0.0669796 1
1 0.307527 0.664456 0.279082 1 -0.761772 0.136339 0.0558163 1
1 0.203158 0.683136 0.232568 1 -0.771486 -0.0607777 0.0465136 1
1 0.174172 0.680852 0.193807 1 -0.763641 -0.125451 0.0387613 1
1 0.140466 0.675315 0.161506 1 -0.7691 -0.0858533 0.0323011 1
2 0.507678 0.501012 1 2 0.580555 0.419445 0 1
2 0.622187 0.583744 0.833333 2 0.541406 0.46889 0.166667 1
2 0.623179 0.584603 0.694444 2 0.581614 0.417975 0.138889 1
2 0.641285 0.597615 0.578704 2 0.18123 0.692917 0.115741 1
2 0.669538 0.705636 0.482253 2 -0.0726046 0.712535 0.0964506 1
2 0.669153 0.709415 0.401878 2 -0.221021 0.681269 0.0803755 1
2 0.663375 0.727223 0.334898 2 -0.198046 0.688299 0.0669796 1
2 0.61886 0.881932 0.279082 2 -0.260299 0.66725 0.0558163 1
3 0.498693 0.510105 1 3 0.947859 -0.0521406 0 1
3 0.665794 0.500913 0.833333 3 0.494272 -0.810464 0.166667 1
3 0.740113 0.379052 0.694444 3 0.794186 -0.520023 0.138889 1
3 0.850303 0.3069 0.578704 3 0.289797 -0.903977 0.115741 1
4 0.493923 0.50922 1 4 0.463902 0.536098 0 1
4 0.519703 0.539012 0.833333 4 0.378318 0.599568 0.166667 1
4 0.534725 0.562819 0.694444 4 0.516756 0.485355 0.138889 1
4 0.628252 0.650663 0.578704 4 0.521502 0.480252 0.115741 1
4 0.630873 0.653077 0.482253 4 0.692753 -0.150661 0.0964506 1
4 0.753213 0.626471 0.401878 4 0.551194 0.44586 0.0803755 1
4 0.762674 0.634124 0.334898 4 0.477762 0.523784 0.0669796 1
4 0.790463 0.66459 0.279082 4 0.502154 0.500447 0.0558163 1
4 0.80339 0.677473 0.232568 4 0.418371 0.572339 0.0465136 1
4 0.834261 0.719704 0.193807 4 0.393765 0.589538 0.0387613 1
5 0.49439 0.509862 1 5 0.564634 0.435366 0 1
5 0.552387 0.554582 0.833333 5 -0.00287157 0.712984 0.166667 1
5 0.551462 0.784184 0.694444 5 -0.0991727 0.706059 0.138889 1
5 0.545982 0.823205 0.578704 5 0.230977 0.67454 0.115741 1
5 0.551943 0.840614 0.482253 5 0.281136 0.655223 0.0964506 1
5 0.553659 0.844613 0.401878 5 -0.016449 0.7128 0.0803755 1
5 0.55246 0.896545 0.334898 5 -0.504159 0.504162 0.0669796 1
6 0.502058 0.498522 1 6 -0.677524 -0.322476 0 1
6 0.501764 0.498382 0.833333 6 -0.712332 -0.235825 0.166667 1
6 0.461495 0.485051 0.694444 6 -0.750305 0.00853077 0.138889 1
6 0.392653 0.485833 0.578704 6 -0.686779 -0.302264 0.115741 1
6 0.337561 0.461586 0.482253 6 -0.711797 -0.237435 0.0964506 1
6 0.255131 0.43409 0.401878 6 -0.745063 -0.0889427 0.0803755 1
6 0.178829 0.424981 0.334898 6 -0.721824 -0.204937 0.0669796 1
6 0.17773 0.424669 0.279082 6 -0.679422 -0.318457 0.0558163 1
6 0.114073 0.394832 0.232568 6 -0.610533 -0.43621 0.0465136 1
7 0.491688 0.503933 1 7 0.116976 0.883024 0 1
7 0.501051 0.57461 0.833333 7 0.162379 0.875813 0.166667 1
7 0.515798 0.654148 0.694444 7 0.450054 0.768678 0.138889 1
7 0.601434 0.800412 0.578704 7 0.375493 0.807725 0.115741 1
7 0.602646 0.803019 0.482253 7 0.591617 0.665886 0.0964506 1
7 0.610124 0.811436 0.401878 7 0.257917 0.852581 0.0803755 1
7 0.614351 0.825408 0.334898 7 0.109842 0.88394 0.0669796 1
7 0.615797 0.837047 0.279082 7 0.00445631 0.890727 0.0558163 1
7 0.616026 0.882803 0.232568 7 -0.0151942 0.890609 0.0465136 1

