1 0.500951 0.514497 1 1 0.636624 -0.363376 0 1
1 0.581241 0.468669 0.833333 1 0.274043 -0.679877 0.166667 1
1 0.599033 0.424529 0.694444 1 0.147355 -0.718066 0.138889 1
1 0.610635 0.367991 0.578704 1 0.697984 0.223942 0.115741 1
1 0.665757 0.385676 0.482253 1 0.716938 0.152749 0.0964506 1
1 0.70837 0.394755 0.401878 1 0.544372 0.490909 0.0803755 1
1 0.73438 0.418211 0.334898 1 0.710999 -0.178359 0.0669796 1
1 0.784799 0.405563 0.279082 1 0.641942 -0.353897 0.0558163 1
1 0.870291 0.358432 0.232568 1 0.574658 -0.455083 0.0465136 1
1 0.873223 0.35611 0.193807 1 0.530787 -0.505566 0.0387613 1
2 0.492602 0.511816 1 2 -0.1973 0.8027 0 1
2 0.461465 0.638491 0.833333 2 -0.0939584 0.821234 0.166667 1
2 0.460804 0.644269 0.694444 2 -0.0573272 0.824601 0.138889 1
2 0.452427 0.76477 0.578704 2 0.0317186 0.825983 0.115741 1
2 0.455637 0.848374 0.482253 2 -0.178003 0.807198 0.0964506 1
2 0.453562 0.857787 0.401878 2 -0.232949 0.793088 0.0803755 1
2 0.442388 0.895829 0.334898 2 -0.327243 0.759056 0.0669796 1
3 0.494419 0.508119 1 3 -0.0582899 -0.94171 0 1
3 0.486952 0.38749 0.833333 3 0.0251622 -0.943177 0.166667 1
3 0.487824 0.354808 0.694444 3 0.0728343 -0.940697 0.138889 1
3 0.488211 0.34981 0.578704 3 0.173187 -0.927482 0.115741 1
3 0.507772 0.245056 0.482253 3 0.345906 -0.877818 0.0964506 1
3 0.539753 0.163895 0.401878 3 0.222931 -0.916797 0.0803755 1
3 0.554387 0.103715 0.334898 3 0.249971 -0.909797 0.0669796 1
4 0.49706 0.491065 1 4 -0.889716 -0.110284 0 1
4 0.475901 0.488442 0.833333 4 -0.896503 -0.00629388 0.166667 1
4 0.375353 0.487736 0.694444 4 -0.678641 -0.585835 0.138889 1
4 0.352709 0.468189 0.578704 4 -0.252682 -0.860179 0.115741 1
4 0.348948 0.455385 0.482253 4 -0.368032 -0.817501 0.0964506 1
4 0.288385 0.320858 0.401878 4 -0.427166 -0.788217 0.0803755 1
4 0.227021 0.207627 0.334898 4 -0.283462 -0.850533 0.0669796 1
5 0.493101 0.493125 1 5 -0.845479 0.154521 0 1
5 0.489943 0.493702 0.833333 5 -0.687879 0.515299 0.166667 1
5 0.484807 0.497549 0.694444 5 -0.642344 0.571056 0.138889 1
5 0.482633 0.499482 0.578704 5 -0.678185 0.527992 0.115741 1
5 0.429583 0.540784 0.482253 5 -0.474759 0.71646 0.0964506 1
5 0.392494 0.596755 0.401878 5 -0.592119 0.622981 0.0803755 1
5 0.392186 0.597079 0.334898 5 -0.570739 0.642626 0.0669796 1
5 0.28658 0.715986 0.279082 5 -0.512493 0.689973 0.0558163 1
5 0.22869 0.793923 0.232568 5 -0.424538 0.747314 0.0465136 1
6 0.497629 0.500384 1 6 -0.307616 0.692384 0 1
6 0.417817 0.680025 0.833333 6 -0.356186 0.668696 0.166667 1
6 0.409864 0.694956 0.694444 6 -0.53542 0.536049 0.138889 1
6 0.361237 0.74364 0.578704 6 -0.507627 0.562439 0.115741 1
6 0.359875 0.745149 0.482253 6 -0.739991 0.162591 0.0964506 1
6 0.304535 0.757308 0.401878 6 -0.74626 0.130841 0.0803755 1
6 0.301198 0.757893 0.334898 6 -0.756746 0.0368568 0.0669796 1
6 0.198526 0.762894 0.279082 6 -0.756167 0.0472701 0.0558163 1
7 0.513021 0.505831 1 7 0.546994 0.453006 0 1
7 0.521246 0.512643 0.833333 7 0.571735 0.421351 0.166667 1
7 0.529373 0.518632 0.694444 7 0.584134 0.403985 0.138889 1
7 0.530121 0.519149 0.578704 7 0.666675 0.244871 0.115741 1
7 0.590855 0.541457 0.482253 7 0.688536 0.174171 0.0964506 1
7 0.659504 0.558822 0.401878 7 0.685038 0.187455 0.0803755 1
7 0.749566 0.583467 0.334898 7 0.690619 0.165715 0.0669796 1
7 0.754208 0.584581 0.279082 7 0.709902 0.0213624 0.0558163 1
7 0.817594 0.586488 0.232568 7 0.70744 0.0628073 0.0465136 1
7 0.820305 0.586729 0.193807 7 0.640523 0.306835 0.0387613 1
7 0.832281 0.592466 0.161506 7 0.602939 0.375341 0.0323011 1
7 0.855729 0.607063 0.134588 7 0.639382 0.309205 0.0269176 1
7 0.881695 0.61962 0.112157 7 0.628202 0.33133 0.0224313 1

