1 0.499708 0.496545 1 1 0.360997 -0.639003 0 1
1 0.503608 0.489642 0.833333 1 0.293803 -0.67255 0.166667 1
1 0.505733 0.484777 0.694444 1 0.150479 -0.718331 0.138889 1
1 0.508163 0.473178 0.578704 1 0.0575352 -0.731665 0.115741 1
1 0.510642 0.441661 0.482253 1 0.129735 -0.722366 0.0964506 1
1 0.513846 0.423822 0.401878 1 -0.128915 -0.722513 0.0803755 1
1 0.510422 0.404632 0.334898 1 -0.534259 -0.503201 0.0669796 1
1 0.465055 0.361903 0.279082 1 -0.375361 -0.630672 0.0558163 1
1 0.464462 0.360906 0.232568 1 -0.293105 -0.672854 0.0465136 1
1 0.437868 0.299857 0.193807 1 0.207869 -0.703871 0.0387613 1
1 0.468428 0.196377 0.161506 1 0.44884 -0.580677 0.0323011 1
1 0.541273 0.102135 0.134588 1 0.543829 -0.492842 0.0269176 1
2 0.499597 0.501038 1 2 0.195084 -0.804916 0 1
2 0.528928 0.380019 0.833333 2 0.256904 -0.787368 0.166667 1
2 0.576164 0.235247 0.694444 2 0.320839 -0.763551 0.138889 1
2 0.581769 0.221908 0.578704 2 0.371618 -0.740167 0.115741 1
2 0.585595 0.214289 0.482253 2 0.476217 -0.677617 0.0964506 1
2 0.608565 0.181603 0.401878 2 0.505623 -0.655967 0.0803755 1
2 0.631395 0.151985 0.334898 2 0.660362 -0.499869 0.0669796 1
2 0.657426 0.132281 0.279082 2 0.809336 -0.175847 0.0558163 1
3 0.496933 0.513514 1 3 -0.92512 0.07488 0 1
3 0.48865 0.514184 0.833333 3 -0.91856 0.133049 0.166667 1
3 0.468631 0.517084 0.694444 3 -0.489193 0.788761 0.138889 1
3 0.449138 0.548514 0.578704 3 -0.514411 0.772551 0.115741 1
3 0.35996 0.682444 0.482253 3 -0.411675 0.831852 0.0964506 1
3 0.341335 0.720078 0.401878 3 -0.396419 0.83923 0.0803755 1
3 0.333902 0.735813 0.334898 3 -0.840129 0.394508 0.0669796 1
3 0.222527 0.788113 0.279082 3 -0.872968 0.315247 0.0558163 1
4 0.508185 0.494547 1 4 0.552149 -0.447851 0 1
4 0.53049 0.476456 0.833333 4 0.694233 -0.15323 0.166667 1
4 0.677617 0.443982 0.694444 4 0.600853 -0.38002 0.138889 1
4 0.819518 0.354234 0.578704 4 0.572882 -0.421006 0.115741 1
4 0.859585 0.324789 0.482253 4 0.494638 -0.510659 0.0964506 1
5 0.498435 0.500386 1 5 -0.270559 0.729441 0 1
5 0.487486 0.529903 0.833333 5 -0.371612 0.683514 0.166667 1
5 0.485923 0.532779 0.694444 5 -0.381083 -0.678279 0.138889 1
5 0.483422 0.528328 0.578704 5 -0.470891 -0.619312 0.115741 1
5 0.453053 0.488386 0.482253 5 -0.561842 -0.538163 0.0964506 1
5 0.412775 0.449807 0.401878 5 -0.526247 -0.573018 0.0803755 1
5 0.348235 0.37953 0.334898 5 -0.574917 -0.524173 0.0669796 1
5 0.307799 0.342663 0.279082 5 -0.614869 -0.476678 0.0558163 1
5 0.3041 0.339795 0.232568 5 -0.552017 -0.548236 0.0465136 1
5 0.249933 0.285999 0.193807 5 -0.575639 -0.52338 0.0387613 1
5 0.248649 0.284832 0.161506 5 -0.673193 -0.389997 0.0323011 1
5 0.20462 0.259325 0.134588 5 -0.615896 -0.47535 0.0269176 1
5 0.189587 0.247723 0.112157 5 -0.516261 0.582032 0.0224313 1
6 0.506109 0.509308 1 6 -0.680444 0.319556 0 1
6 0.504023 0.510287 0.833333 6 -0.716266 0.228217 0.166667 1
6 0.49208 0.514093 0.694444 6 -0.734412 0.160498 0.138889 1
6 0.472468 0.518379 0.578704 6 -0.687766 0.303476 0.115741 1
6 0.468346 0.520197 0.482253 6 -0.729619 -0.181042 0.0964506 1
6 0.430153 0.510721 0.401878 6 -0.740857 -0.127478 0.0803755 1
6 0.383686 0.502725 0.334898 6 -0.621168 -0.423403 0.0669796 1
6 0.351468 0.480764 0.279082 6 -0.598987 -0.454241 0.0558163 1
6 0.346484 0.476985 0.232568 6 -0.654794 -0.369275 0.0465136 1
6 0.308089 0.455332 0.193807 6 -0.747504 -0.0797299 0.0387613 1
6 0.145265 0.437965 0.161506 6 -0.737372 0.146296 0.0323011 1
6 0.103631 0.446225 0.134588 6 -0.722211 0.208641 0.0269176 1
7 0.496512 0.492071 1 7 -0.0160249 0.983975 0 1
7 0.496223 0.509771 0.833333 7 0.738864 0.650033 0.166667 1
7 0.563524 0.568981 0.694444 7 0.762361 0.62231 0.138889 1
7 0.674516 0.659583 0.578704 7 0.709634 0.681823 0.115741 1
7 0.681611 0.6664 0.482253 7 0.976876 0.119071 0.0964506 1
7 0.783472 0.678816 0.401878 7 0.969771 0.167356 0.0803755 1
7 0.851677 0.690586 0.334898 7 0.949696 0.257957 0.0669796 1

