1 0.494382 0.508939 1 1 0.394546 0.605454 0 1
1 0.518689 0.54624 0.833333 1 0.412328 0.593487 0.166667 1
1 0.570745 0.621167 0.694444 1 0.713672 0.113636 0.138889 1
1 0.580118 0.622659 0.578704 1 0.643892 0.328092 0.115741 1
1 0.647861 0.657177 0.482253 1 0.127671 0.711295 0.0964506 1
1 0.648079 0.658391 0.401878 1 -0.660645 0.292897 0.0803755 1
1 0.631863 0.665581 0.334898 1 0.000594743 0.722662 0.0669796 1
1 0.6319 0.71084 0.279082 1 -0.428913 0.581614 0.0558163 1
1 0.622458 0.723645 0.232568 1 0.654774 0.305796 0.0465136 1
1 0.62925 0.726817 0.193807 1 0.516289 -0.505654 0.0387613 1
1 0.655504 0.701104 0.161506 1 0.631906 -0.350622 0.0323011 1
1 0.713181 0.669101 0.134588 1 0.672728 0.263966 0.0269176 1
1 0.73973 0.679518 0.112157 1 0.58386 0.425851 0.0224313 1
1 0.749323 0.686515 0.0934639 1 0.48238 0.538099 0.0186928 1
1 0.763097 0.70188 0.0778866 1 0.52605 0.495492 0.0155773 1
1 0.799284 0.735965 0.0649055 1 0.306831 0.65429 0.0129811 1
1 0.806149 0.750603 0.0540879 1 0.718751 0.075089 0.0108176 1
1 0.81133 0.751145 0.0450732 1 0.152931 0.706295 0.00901465 1
2 0.504359 0.510235 1 2 0.446307 0.553693 0 1
2 0.521662 0.531701 0.833333 2 0.698131 0.135571 0.166667 1
2 0.523885 0.532133 0.694444 2 0.285059 0.651542 0.138889 1
2 0.529781 0.545609 0.578704 2 0.709081 -0.0544933 0.115741 1
2 0.532692 0.545386 0.482253 2 0.681497 -0.203293 0.0964506 1
2 0.58457 0.52991 0.401878 2 0.699107 0.130443 0.0803755 1
2 0.653217 0.542719 0.334898 2 0.378559 -0.602046 0.0669796 1
2 0.699865 0.468532 0.279082 2 0.0473409 -0.709595 0.0558163 1
2 0.700342 0.461381 0.232568 2 -0.254083 -0.664235 0.0465136 1
2 0.683407 0.417108 0.193807 2 -0.0587493 -0.708741 0.0387613 1
2 0.679756 0.373071 0.161506 2 -0.530721 -0.473393 0.0323011 1
2 0.662813 0.357958 0.134588 2 -0.568895 -0.42676 0.0269176 1
2 0.630352 0.333607 0.112157 2 -0.115799 -0.701681 0.0224313 1
2 0.62707 0.313715 0.0934639 2 0.436296 -0.561615 0.0186928 1
2 0.683116 0.241571 0.0778866 2 0.65731 -0.271495 0.0155773 1
2 0.731178 0.221719 0.0649055 2 0.415715 -0.577016 0.0129811 1
2 0.753569 0.190641 0.0540879 2 -0.383675 -0.598798 0.0108176 1
3 0.509726 0.494571 1 3 -0.21134 0.78866 0 1
3 0.486372 0.581718 0.833333 3 0.484598 0.657126 0.166667 1
3 0.504108 0.605768 0.694444 3 0.36984 0.72792 0.138889 1
3 0.529065 0.654888 0.578704 3 -0.0898564 0.811527 0.115741 1
3 0.513331 0.796991 0.482253 3 -0.703004 -0.415253 0.0964506 1
3 0.477372 0.775751 0.401878 3 0.202569 -0.790958 0.0803755 1
3 0.51556 0.626638 0.334898 3 0.341609 -0.741588 0.0669796 1
3 0.542761 0.567589 0.279082 3 -0.585318 -0.569256 0.0558163 1
3 0.423957 0.452046 0.232568 3 0.0934707 0.811118 0.0465136 1
3 0.448489 0.664928 0.193807 3 -0.218942 0.786584 0.0387613 1
3 0.430248 0.730462 0.161506 3 0.0669907 0.813733 0.0323011 1
3 0.433235 0.766743 0.134588 3 -0.153357 0.801955 0.0269176 1
3 0.427938 0.794442 0.112157 3 -0.761504 0.294553 0.0224313 1
3 0.371749 0.816176 0.0934639 3 -0.809347 0.107738 0.0186928 1
3 0.356769 0.81817 0.0778866 3 -0.767319 0.279053 0.0155773 1
3 0.322981 0.830458 0.0649055 3 -0.802726 0.149265 0.0129811 1
3 0.285261 0.837472 0.0540879 3 -0.298297 -0.760045 0.0108176 1
4 0.50305 0.499283 1 4 0.104307 -0.895693 0 1
4 0.514965 0.396975 0.833333 4 -0.0281764 -0.901306 0.166667 1
4 0.51496 0.396821 0.694444 4 0.470689 -0.769154 0.138889 1
4 0.523565 0.382759 0.578704 4 0.195195 -0.880367 0.115741 1
4 0.523977 0.380904 0.482253 4 0.612064 -0.662212 0.0964506 1
4 0.537371 0.366412 0.401878 4 0.230134 -0.871886 0.0803755 1
4 0.562182 0.272415 0.334898 4 0.658731 -0.615808 0.0669796 1
4 0.589741 0.246652 0.279082 4 -0.706562 -0.560282 0.0558163 1
4 0.474395 0.155186 0.232568 4 -0.882314 -0.186195 0.0465136 1
4 0.428036 0.145403 0.193807 4 -0.804295 0.407746 0.0387613 1
4 0.366156 0.176774 0.161506 4 -0.796014 -0.423683 0.0323011 1
4 0.357839 0.172347 0.134588 4 -0.513494 -0.741263 0.0269176 1
4 0.33302 0.13652 0.112157 4 -0.82051 -0.374044 0.0224313 1
5 0.497959 0.502748 1 5 -0.431602 -0.568398 0 1
5 0.480706 0.480027 0.833333 5 -0.589216 -0.402717 0.166667 1
5 0.480076 0.479597 0.694444 5 -0.452775 -0.55168 0.138889 1
5 0.430938 0.419725 0.578704 5 -0.6659 0.256776 0.115741 1
5 0.353075 0.449749 0.482253 5 -0.523004 0.485616 0.0964506 1
5 0.321451 0.479113 0.401878 5 -0.426034 -0.572583 0.0803755 1
5 0.289014 0.435517 0.334898 5 0.0046647 -0.713677 0.0669796 1
5 0.28924 0.400939 0.279082 5 0.619271 -0.354768 0.0558163 1
5 0.295895 0.397126 0.232568 5 -0.57671 -0.420431 0.0465136 1
5 0.156308 0.295365 0.193807 5 -0.440868 -0.561242 0.0387613 1
6 0.500544 0.49914 1 6 0.958007 0.0419929 0 1
6 0.508731 0.499499 0.833333 6 0.747774 0.600312 0.166667 1
6 0.546076 0.52948 0.694444 6 0.488851 0.824964 0.138889 1
6 0.598679 0.61825 0.578704 6 0.241824 0.927934 0.115741 1
6 0.642912 0.787983 0.482253 6 0.919096 0.273502 0.0964506 1
6 0.655474 0.791721 0.401878 6 -0.307019 0.908449 0.0803755 1
6 0.625732 0.879726 0.334898 6 0.822539 0.49292 0.0669796 1
7 0.503599 0.500512 1 7 -0.12381 -0.87619 0 1
7 0.501875 0.488311 0.833333 7 -0.437445 -0.769208 0.166667 1
7 0.494062 0.474574 0.694444 7 -0.88359 -0.0480313 0.138889 1
7 0.368144 0.467729 0.578704 7 -0.444828 0.764962 0.115741 1
7 0.337221 0.520907 0.482253 7 0.275519 0.840909 0.0964506 1
7 0.350899 0.562653 0.401878 7 -0.713111 0.523939 0.0803755 1
7 0.338097 0.572059 0.334898 7 -0.883763 0.04473 0.0669796 1
7 0.108847 0.583662 0.279082 7 -0.843835 -0.266422 0.0558163 1

