1 0.494082 0.501717 1 1 -0.515069 0.484931 0 1
1 0.333714 0.652702 0.833333 1 0.358623 0.60979 0.166667 1
1 0.426289 0.810115 0.694444 1 0.545016 0.451011 0.138889 1
1 0.439885 0.821365 0.578704 1 0.323929 0.628907 0.115741 1
1 0.480132 0.899506 0.482253 1 0.23369 0.667715 0.0964506 1
2 0.488354 0.507988 1 2 -0.250915 -0.749085 0 1
2 0.440674 0.365644 0.833333 2 -0.665356 -0.425897 0.166667 1
2 0.438514 0.364262 0.694444 2 -0.0100084 -0.789928 0.138889 1
2 0.4364 0.197403 0.578704 2 -0.773647 -0.159867 0.115741 1
2 0.399204 0.189717 0.482253 2 -0.789952 0.00789637 0.0964506 1
2 0.386802 0.189841 0.401878 2 -0.696973 -0.371906 0.0803755 1
2 0.32526 0.157001 0.334898 2 -0.456775 -0.644549 0.0669796 1
2 0.316465 0.144592 0.279082 2 0.474448 -0.631653 0.0558163 1
3 0.496178 0.487039 1 3 0.503142 0.496858 0 1
3 0.513653 0.504296 0.833333 3 0.69558 -0.127234 0.166667 1
3 0.5372 0.499988 0.694444 3 0.702625 0.0796077 0.138889 1
3 0.568604 0.503547 0.578704 3 0.682491 0.185003 0.115741 1
3 0.740254 0.550076 0.482253 3 0.639984 0.300733 0.0964506 1
3 0.778498 0.568047 0.401878 3 -0.386194 -0.592346 0.0803755 1
3 0.755726 0.533119 0.334898 3 0.659994 0.253827 0.0669796 1
3 0.81771 0.556958 0.279082 3 0.143423 0.692423 0.0558163 1
3 0.820926 0.57248 0.232568 3 0.0140758 0.706981 0.0465136 1
3 0.821406 0.596628 0.193807 3 -0.492236 0.507664 0.0387613 1
3 0.815526 0.602693 0.161506 3 -0.566556 0.423124 0.0323011 1
3 0.763519 0.641534 0.134588 3 -0.661035 0.251102 0.0269176 1
3 0.733454 0.652954 0.112157 3 -0.602243 0.370571 0.0224313 1
3 0.592833 0.739481 0.0934639 3 0.245118 0.663277 0.0186928 1
3 0.597625 0.752449 0.0778866 3 0.538336 0.458492 0.0155773 1
3 0.704707 0.843649 0.0649055 3 0.698521 -0.109944 0.0129811 1
4 0.499832 0.499718 1 4 -0.359847 0.640153 0 1
4 0.495652 0.507155 0.833333 4 -0.566495 0.4673 0.166667 1
4 0.490497 0.511407 0.694444 4 -0.601523 -0.421255 0.138889 1
4 0.333531 0.401482 0.578704 4 -0.702867 -0.212754 0.115741 1
4 0.325126 0.398938 0.482253 4 -0.526842 -0.511589 0.0964506 1
4 0.287206 0.362116 0.401878 4 -0.342656 -0.649517 0.0803755 1
4 0.25226 0.295874 0.334898 4 -0.532477 -0.505721 0.0669796 1
4 0.2502 0.293918 0.279082 4 -0.675942 0.287035 0.0558163 1
4 0.199317 0.315525 0.232568 4 -0.366986 0.636088 0.0465136 1
4 0.141362 0.415977 0.193807 4 -0.600762 0.422339 0.0387613 1
4 0.104214 0.442092 0.161506 4 -0.186505 0.710283 0.0323011 1
5 0.499359 0.504851 1 5 0.189499 -0.810501 0 1
5 0.508371 0.466305 0.833333 5 0.424635 -0.715896 0.166667 1
5 0.520346 0.446116 0.694444 5 0.716853 -0.423017 0.138889 1
5 0.713022 0.332417 0.578704 5 0.652993 -0.516161 0.115741 1
5 0.750571 0.302736 0.482253 5 0.604799 -0.571874 0.0964506 1
5 0.757529 0.296157 0.401878 5 -0.188044 -0.81084 0.0803755 1
5 0.729551 0.175519 0.334898 5 0.227632 -0.800628 0.0669796 1
5 0.730284 0.172939 0.279082 5 -0.0270915 -0.831918 0.0558163 1
6 0.502458 0.501687 1 6 -0.389478 -0.610522 0 1
6 0.499456 0.496981 0.833333 6 0.00860979 -0.724124 0.166667 1
6 0.501159 0.353778 0.694444 6 0.504352 -0.519673 0.138889 1
6 0.596063 0.25599 0.578704 6 0.219622 -0.69007 0.115741 1
6 0.603106 0.233862 0.482253 6 -0.362491 -0.626922 0.0964506 1
6 0.567626 0.1725 0.401878 6 -0.108162 -0.716052 0.0803755 1
6 0.566168 0.162851 0.334898 6 0.526729 -0.496978 0.0669796 1
6 0.588587 0.141698 0.279082 6 0.644423 -0.330377 0.0558163 1
6 0.611211 0.1301 0.232568 6 0.723627 -0.0281672 0.0465136 1
6 0.64864 0.128643 0.193807 6 0.680688 -0.247171 0.0387613 1
7 0.503217 0.501463 1 7 0.0019238 0.998076 0 1
7 0.503275 0.531579 0.833333 7 -0.368952 0.92738 0.166667 1
7 0.461293 0.637105 0.694444 7 -0.987712 0.143472 0.138889 1
7 0.386462 0.647974 0.578704 7 -0.983915 -0.167546 0.115741 1
7 0.335865 0.639358 0.482253 7 -0.816357 -0.574214 0.0964506 1
7 0.306086 0.618412 0.401878 7 -0.995499 0.0717016 0.0803755 1
7 0.124314 0.631505 0.334898 7 -0.168157 0.98381 0.0669796 1
7 0.123637 0.635466 0.279082 7 0.231147 0.970943 0.0558163 1

