1 0.499357 0.500511 1 1 -0.807677 0.192323 0 1
1 0.491897 0.502287 0.833333 1 -0.466254 -0.686977 0.166667 1
1 0.475532 0.478175 0.694444 1 -0.766574 -0.318896 0.138889 1
1 0.363616 0.431618 0.578704 1 -0.824586 -0.0968897 0.115741 1
1 0.347037 0.42967 0.482253 1 -0.770316 0.309747 0.0964506 1
1 0.325944 0.438151 0.401878 1 -0.774831 -0.298274 0.0803755 1
1 0.244712 0.406881 0.334898 1 -0.61769 -0.554788 0.0669796 1
1 0.229814 0.3935 0.279082 1 -0.826282 0.0811677 0.0558163 1
1 0.218246 0.394636 0.232568 1 0.612821 0.560161 0.0465136 1
1 0.23282 0.407958 0.193807 1 -0.770469 0.309368 0.0387613 1
1 0.13318 0.447967 0.161506 1 -0.817238 0.146464 0.0323011 1
1 0.102721 0.453426 0.134588 1 -0.768763 0.313582 0.0269176 1
2 0.504771 0.489187 1 2 -0.907098 0.0929017 0 1
2 0.38015 0.50195 0.833333 2 0.790139 -0.455125 0.166667 1
2 0.498595 0.433725 0.694444 2 0.752535 0.514926 0.138889 1
2 0.506983 0.439464 0.578704 2 0.644655 0.644886 0.115741 1
2 0.520995 0.453481 0.482253 2 0.135908 0.901658 0.0964506 1
2 0.536913 0.559087 0.401878 2 -0.447002 0.794763 0.0803755 1
2 0.464252 0.688277 0.334898 2 0.507475 0.75758 0.0669796 1
2 0.467066 0.692479 0.279082 2 0.521815 0.747775 0.0558163 1
2 0.477071 0.706816 0.232568 2 0.706856 0.576032 0.0465136 1
2 0.622112 0.825013 0.193807 2 0.537737 0.736408 0.0387613 1
2 0.654271 0.869054 0.161506 2 0.448457 0.793942 0.0323011 1
3 0.496233 0.501155 1 3 0.132091 0.867909 0 1
3 0.497455 0.509183 0.833333 3 0.839433 0.257035 0.166667 1
3 0.560877 0.528603 0.694444 3 0.707192 0.520187 0.138889 1
3 0.601461 0.558456 0.578704 3 0.833211 -0.276538 0.115741 1
3 0.734343 0.514353 0.482253 3 0.700849 -0.528701 0.0964506 1
3 0.778608 0.480961 0.401878 3 0.781652 -0.399667 0.0803755 1
3 0.845427 0.446796 0.334898 3 0.865955 -0.144347 0.0669796 1
3 0.885438 0.440126 0.279082 3 0.745879 0.46301 0.0558163 1
3 0.89647 0.446974 0.232568 3 0.867034 0.137717 0.0465136 1
4 0.498893 0.498425 1 4 -0.328358 -0.671642 0 1
4 0.415333 0.327507 0.833333 4 -0.197596 -0.721026 0.166667 1
4 0.405369 0.291148 0.694444 4 -0.00688772 -0.747579 0.138889 1
4 0.405027 0.254026 0.578704 4 -0.273868 -0.695642 0.115741 1
4 0.398245 0.236801 0.482253 4 0.566169 -0.488237 0.0964506 1
4 0.401939 0.233616 0.401878 4 0.295379 -0.686785 0.0803755 1
4 0.431118 0.165771 0.334898 4 -0.454883 -0.593299 0.0669796 1
4 0.413674 0.143019 0.279082 4 -0.645394 -0.377344 0.0558163 1
4 0.397995 0.133852 0.232568 4 -0.360918 -0.654721 0.0465136 1
4 0.388133 0.115961 0.193807 4 -0.248303 -0.705172 0.0387613 1
5 0.499133 0.508558 1 5 0.324556 0.675444 0 1
5 0.499179 0.508654 0.833333 5 0.0937313 0.743489 0.166667 1
5 0.499376 0.51022 0.694444 5 0.327953 0.673801 0.138889 1
5 0.508347 0.528651 0.578704 5 -0.19409 0.723803 0.115741 1
5 0.480182 0.633682 0.482253 5 0.0996559 0.742718 0.0964506 1
5 0.489572 0.703664 0.401878 5 -0.548025 0.511106 0.0803755 1
5 0.431444 0.757877 0.334898 5 -0.354479 0.660232 0.0669796 1
5 0.428468 0.763418 0.279082 5 -0.506282 0.552485 0.0558163 1
5 0.421776 0.770722 0.232568 5 0.226641 0.714279 0.0465136 1
5 0.443004 0.837626 0.193807 5 0.748052 -0.0444954 0.0387613 1
5 0.453811 0.836983 0.161506 5 0.706846 0.248857 0.0323011 1
5 0.457891 0.83842 0.134588 5 0.60813 0.43788 0.0269176 1
5 0.540552 0.897939 0.112157 5 0.127548 0.738439 0.0224313 1
6 0.49935 0.503625 1 6 -0.452766 -0.547234 0 1
6 0.365074 0.341333 0.833333 6 -0.708277 -0.0529646 0.166667 1
6 0.356718 0.340708 0.694444 6 0.175834 -0.688146 0.138889 1
6 0.361051 0.32375 0.578704 6 0.335538 0.626 0.115741 1
6 0.376987 0.35348 0.482253 6 0.473482 0.529412 0.0964506 1
6 0.41107 0.391589 0.401878 6 -0.247126 0.665876 0.0803755 1
6 0.37247 0.495595 0.334898 6 -0.037414 0.709269 0.0669796 1
6 0.370559 0.531821 0.279082 6 -0.630479 0.327046 0.0558163 1
6 0.346621 0.544238 0.232568 6 0.218321 -0.675868 0.0465136 1
6 0.356837 0.512614 0.193807 6 0.275069 -0.654828 0.0387613 1
6 0.357975 0.509903 0.161506 6 0.571093 0.422274 0.0323011 1
6 0.433377 0.565657 0.134588 6 0.288235 -0.64914 0.0269176 1
6 0.473598 0.475075 0.112157 6 -0.132587 -0.69777 0.0224313 1
6 0.468962 0.450677 0.0934639 6 -0.417573 -0.574539 0.0186928 1
6 0.418776 0.381627 0.0778866 6 -0.381349 -0.599195 0.0155773 1
6 0.415334 0.376217 0.0649055 6 -0.688758 0.173419 0.0129811 1
6 0.407529 0.378182 0.0540879 6 -0.295736 -0.645757 0.0108176 1
6 0.35831 0.270711 0.0450732 6 0.363623 -0.610115 0.00901465 1
6 0.371555 0.248489 0.037561 6 0.577831 -0.413005 0.00751221 1
6 0.379731 0.242645 0.0313009 6 0.66817 -0.240855 0.00626017 1
6 0.459109 0.214031 0.0260841 6 0.710082 0.0156909 0.00521681 1
6 0.560831 0.216279 0.0217367 6 0.658902 0.265162 0.00434734 1
6 0.623287 0.241413 0.0181139 6 -0.622486 0.342014 0.00362279 1
6 0.600287 0.25405 0.0150949 6 -0.51185 0.492414 0.00301899 1
6 0.563416 0.289521 0.0125791 6 -0.59533 0.387355 0.00251582 1
6 0.531883 0.310038 0.0104826 6 -0.344397 0.62117 0.00209652 1
6 0.482872 0.398437 0.0087355 6 -0.651998 0.28171 0.0017471 1
6 0.463088 0.406985 0.00727958 6 -0.67791 0.211898 0.00145592 1
6 0.448861 0.411432 0.00606632 6 0.18751 -0.685056 0.00121326 1
6 0.462907 0.360115 0.00505526 6 0.32645 -0.630787 0.00101105 1
6 0.472756 0.341085 0.00421272 6 0.480704 -0.522863 0.000842544 1
6 0.500177 0.311258 0.0035106 6 0.560434 -0.436321 0.00070212 1
6 0.572291 0.255115 0.0029255 6 -0.336395 0.62554 0.0005851 1
6 0.560404 0.277219 0.00243792 6 0.372035 0.605022 0.000487583 1
6 0.563553 0.282339 0.0020316 6 0.546542 0.453601 0.000406319 1
6 0.599995 0.312585 0.001693 6 0.671813 0.230497 0.0003386 1
6 0.643267 0.327431 0.00141083 6 0.505227 0.499207 0.000282166 1
6 0.647229 0.331346 0.00117569 6 -0.266707 0.658278 0.000235139 1
6 0.646009 0.33436 0.000979744 6 0.230554 0.671794 0.000195949 1
6 0.683459 0.443483 0.000816453 6 -0.0966676 0.703646 0.000163291 1
6 0.67991 0.469316 0.000680378 6 -0.500624 0.503823 0.000136076 1
6 0.6599 0.489454 0.000566982 6 -0.436538 0.560265 0.000113396 1
6 0.545893 0.635774 0.000472485 6 -0.583082 0.405558 9.44969e-05 1
6 0.515995 0.656569 0.000393737 6 -0.669516 0.237087 7.87474e-05 1
6 0.41984 0.690619 0.000328114 6 0.366153 0.6086 6.56229e-05 1
6 0.429111 0.70603 0.000273429 6 0.474734 -0.528289 5.46857e-05 1
6 0.554155 0.56688 0.000227857 6 0.648194 -0.290355 4.55714e-05 1
6 0.635166 0.530591 0.000189881 6 0.707722 0.0599255 3.79762e-05 1
6 0.660389 0.532727 0.000158234 6 0.68494 0.187933 3.16468e-05 1
6 0.725323 0.550544 0.000131862 6 0.697656 -0.133186 2.63724e-05 1
6 0.803133 0.535689 0.000109885 6 0.686792 0.181049 2.1977e-05 1
6 0.807672 0.536886 9.15707e-05 6 0.709949 -0.0208353 1.83141e-05 1
7 0.505777 0.500395 1 7 -0.620176 -0.379824 0 1
7 0.492648 0.492354 0.833333 7 0.200092 0.699177 0.166667 1
7 0.502398 0.526424 0.694444 7 -0.440126 0.578942 0.138889 1
7 0.462237 0.579252 0.578704 7 -0.117808 0.717639 0.115741 1
7 0.461949 0.581007 0.482253 7 -0.578743 0.440388 0.0964506 1
7 0.428953 0.606114 0.401878 7 -0.176746 0.70544 0.0803755 1
7 0.423601 0.627476 0.334898 7 -0.386221 0.616212 0.0669796 1
7 0.417534 0.637156 0.279082 7 -0.705321 -0.177221 0.0558163 1
7 0.312808 0.610842 0.232568 7 -0.469557 -0.555338 0.0465136 1
7 0.290482 0.584438 0.193807 7 -0.7043 -0.181235 0.0387613 1
7 0.258843 0.576297 0.161506 7 -0.726944 -0.0209197 0.0323011 1
7 0.106517 0.571913 0.134588 7 -0.720345 -0.0999367 0.0269176 1

