1 0.503286 0.498031 1 1 0.962988 -0.0370118 0 1
1 0.572822 0.495359 0.833333 1 0.768716 -0.581199 0.166667 1
1 0.651997 0.435497 0.694444 1 0.288255 -0.919579 0.138889 1
1 0.690268 0.313407 0.578704 1 0.204664 -0.941716 0.115741 1
1 0.691064 0.309746 0.482253 1 -0.145773 -0.95261 0.0964506 1
1 0.684797 0.268795 0.401878 1 -0.962962 0.0376831 0.0803755 1
1 0.60732 0.271827 0.334898 1 -0.823515 0.500539 0.0669796 1
1 0.588043 0.283544 0.279082 1 -0.612186 0.744275 0.0558163 1
1 0.546392 0.334182 0.232568 1 -0.367087 0.891046 0.0465136 1
1 0.522414 0.392385 0.193807 1 -0.0779729 0.96054 0.0387613 1
1 0.518961 0.43492 0.161506 1 -0.958368 0.10123 0.0323011 1
1 0.51019 0.435847 0.134588 1 -0.897887 0.350022 0.0269176 1
1 0.452086 0.458497 0.112157 1 -0.809162 0.523424 0.0224313 1
1 0.400343 0.491969 0.0934639 1 0.0383456 0.962936 0.0186928 1
1 0.403788 0.578484 0.0778866 1 -0.625523 0.733101 0.0155773 1
1 0.377502 0.609291 0.0649055 1 0.593608 0.759175 0.0129811 1
1 0.463239 0.718942 0.0540879 1 0.391069 0.880785 0.0108176 1
1 0.469576 0.733213 0.0450732 1 -0.907635 0.323906 0.00901465 1
1 0.32368 0.785279 0.037561 1 -0.482028 0.834485 0.00751221 1
1 0.295107 0.834744 0.0313009 1 -0.932191 0.24441 0.00626017 1
1 0.285099 0.837368 0.0260841 1 -0.742455 0.614391 0.00521681 1
2 0.491872 0.496107 1 2 0.133061 -0.866939 0 1
2 0.496786 0.464094 0.833333 2 -0.313804 -0.819033 0.166667 1
2 0.493684 0.456 0.694444 2 -0.202089 -0.853492 0.138889 1
2 0.453759 0.28738 0.578704 2 0.643218 -0.596287 0.115741 1
2 0.459624 0.281942 0.482253 2 0.303789 -0.8228 0.0964506 1
2 0.469636 0.254825 0.401878 2 -0.876616 -0.0288523 0.0803755 1
2 0.46452 0.254657 0.334898 2 -0.44629 0.755059 0.0669796 1
2 0.454008 0.272441 0.279082 2 -0.536727 0.693694 0.0558163 1
2 0.387474 0.358432 0.232568 2 -0.868621 0.121595 0.0465136 1
2 0.329139 0.366599 0.193807 2 -0.38333 0.788889 0.0387613 1
2 0.211572 0.608551 0.161506 2 0.711137 0.513393 0.0323011 1
2 0.277049 0.655821 0.134588 2 0.78599 0.38924 0.0269176 1
2 0.387922 0.710728 0.112157 2 0.869419 -0.115755 0.0224313 1
2 0.449366 0.702547 0.0934639 2 0.542956 -0.68883 0.0186928 1
2 0.492758 0.647497 0.0778866 2 0.000216319 -0.877091 0.0155773 1
2 0.492783 0.545481 0.0649055 2 0.876602 0.0292652 0.0129811 1
2 0.5441 0.547194 0.0540879 2 0.829354 -0.285412 0.0108176 1
2 0.55213 0.54443 0.0450732 2 0.754963 -0.446452 0.00901465 1
2 0.575016 0.530896 0.037561 2 0.853604 0.201613 0.00751221 1
2 0.630879 0.544091 0.0313009 2 0.207201 0.852265 0.00626017 1
2 0.64817 0.615211 0.0260841 2 0.393193 0.78402 0.00521681 1
2 0.650115 0.619089 0.0217367 2 0.564332 0.671429 0.00434734 1
2 0.681004 0.65584 0.0181139 2 0.410944 0.774863 0.00362279 1
2 0.726128 0.740924 0.0150949 2 0.175473 0.859358 0.00301899 1
2 0.739803 0.807897 0.0125791 2 0.874096 -0.072419 0.00251582 1
2 0.757056 0.806468 0.0104826 2 0.01042 -0.877029 0.00209652 1
3 0.506794 0.504859 1 3 0.826127 0.173873 0 1
3 0.55869 0.515781 0.833333 3 0.832498 -0.140233 0.166667 1
3 0.618092 0.505775 0.694444 3 0.835813 0.118892 0.138889 1
3 0.650621 0.510402 0.578704 3 0.793862 0.287231 0.115741 1
3 0.744788 0.544473 0.482253 3 0.831331 0.146992 0.0964506 1
3 0.860754 0.564978 0.401878 3 0.275172 0.798122 0.0803755 1
3 0.866447 0.581491 0.334898 3 0.443267 0.718493 0.0669796 1
3 0.874415 0.594405 0.279082 3 0.528499 0.658336 0.0558163 1
3 0.885192 0.60783 0.232568 3 -0.738626 0.408839 0.0465136 1
4 0.49179 0.505125 1 4 -0.26525 0.73475 0 1
4 0.483028 0.529395 0.833333 4 -0.355421 0.695623 0.166667 1
4 0.474964 0.545178 0.694444 4 -0.677732 -0.388451 0.138889 1
4 0.473476 0.544326 0.578704 4 -0.341917 -0.702359 0.115741 1
4 0.454074 0.504469 0.482253 4 -0.44797 -0.639952 0.0964506 1
4 0.450928 0.499975 0.401878 4 -0.303128 -0.71995 0.0803755 1
4 0.446049 0.488389 0.334898 4 0.0346268 -0.780395 0.0669796 1
4 0.44761 0.453205 0.279082 4 -0.768815 -0.138342 0.0558163 1
4 0.398256 0.444324 0.232568 4 -0.71343 0.31817 0.0465136 1
4 0.366315 0.458569 0.193807 4 -0.584883 0.51781 0.0387613 1
4 0.26677 0.546699 0.161506 4 -0.481279 0.615293 0.0323011 1
4 0.230533 0.593026 0.134588 4 -0.652629 -0.429291 0.0269176 1
4 0.227987 0.591352 0.112157 4 -0.39144 -0.67601 0.0224313 1
4 0.215331 0.569495 0.0934639 4 -0.143586 -0.767853 0.0186928 1
4 0.184876 0.406633 0.0778866 4 -0.378763 -0.683194 0.0155773 1
4 0.176744 0.391965 0.0649055 4 -0.631471 0.459846 0.0129811 1
4 0.153385 0.408975 0.0540879 4 0.0376351 0.780255 0.0108176 1
4 0.157377 0.491732 0.0450732 4 -0.162579 0.764057 0.00901465 1
4 0.141716 0.565332 0.037561 4 -0.00936446 0.781106 0.00751221 1
4 0.141196 0.608688 0.0313009 4 0.271594 0.732428 0.00626017 1
4 0.180281 0.714091 0.0260841 4 0.643676 0.442601 0.00521681 1
4 0.181073 0.714636 0.0217367 4 -0.217214 0.750355 0.00434734 1
4 0.175664 0.733321 0.0181139 4 -0.058916 0.778938 0.00362279 1
4 0.17561 0.734033 0.0150949 4 -0.767888 0.143399 0.00301899 1
5 0.492076 0.505994 1 5 -0.121195 -0.878805 0 1
5 0.491753 0.503647 0.833333 5 0.332076 -0.822625 0.166667 1
5 0.525095 0.42105 0.694444 5 0.575032 0.675518 0.138889 1
5 0.545744 0.445307 0.578704 5 0.254451 0.849848 0.115741 1
5 0.547616 0.451559 0.482253 5 0.6531 0.600372 0.0964506 1
5 0.593108 0.493378 0.401878 5 0.843112 0.27595 0.0803755 1
5 0.666088 0.517264 0.334898 5 0.119063 0.879097 0.0669796 1
5 0.671683 0.558574 0.279082 5 -0.486078 0.742102 0.0558163 1
5 0.647828 0.594993 0.232568 5 -0.736045 0.495202 0.0465136 1
5 0.581493 0.639622 0.193807 5 -0.542142 -0.702188 0.0387613 1
5 0.57862 0.6359 0.161506 5 -0.48829 -0.740648 0.0323011 1
5 0.471837 0.47393 0.134588 5 -0.223913 -0.8584 0.0269176 1
5 0.379172 0.118686 0.112157 5 0.103098 -0.881112 0.0224313 1
6 0.4951 0.50565 1 6 -0.9458 -0.0541997 0 1
6 0.37799 0.498939 0.833333 6 -0.947347 -0.0032097 0.166667 1
6 0.365361 0.498896 0.694444 6 -0.772298 0.548664 0.138889 1
6 0.34976 0.509979 0.578704 6 -0.255828 0.912156 0.115741 1
6 0.331065 0.576639 0.482253 6 -0.114753 0.940376 0.0964506 1
6 0.302466 0.811 0.401878 6 -0.440589 0.838664 0.0803755 1
6 0.287738 0.839035 0.334898 6 -0.860227 0.396844 0.0669796 1
7 0.499271 0.489364 1 7 -0.806422 0.193578 0 1
7 0.490951 0.491361 0.833333 7 -0.535201 0.633521 0.166667 1
7 0.482549 0.501307 0.694444 7 -0.743939 0.366529 0.138889 1
7 0.422972 0.53066 0.578704 7 -0.196852 0.805629 0.115741 1
7 0.418772 0.547849 0.482253 7 -0.138498 0.817684 0.0964506 1
7 0.414967 0.57031 0.401878 7 0.108902 0.822149 0.0803755 1
7 0.436625 0.733814 0.334898 7 -0.371469 0.741484 0.0669796 1
7 0.386408 0.834051 0.279082 7 0.38359 0.735287 0.0558163 1
7 0.400337 0.86075 0.232568 7 0.809901 0.178461 0.0465136 1
7 0.408991 0.862657 0.193807 7 0.769695 0.308801 0.0387613 1
7 0.502057 0.899995 0.161506 7 -0.339646 0.756591 0.0323011 1

