1 0.494813 0.500689 1 1 0.946007 0.0539931 0 1
1 0.503918 0.501208 0.833333 1 0.904603 0.282026 0.166667 1
1 0.617576 0.536643 0.694444 1 0.94715 -0.0273912 0.138889 1
1 0.703651 0.534154 0.578704 1 0.496875 -0.806821 0.115741 1
1 0.704137 0.533363 0.482253 1 -0.910414 -0.26266 0.0964506 1
1 0.679827 0.52635 0.401878 1 0.000418188 0.947546 0.0803755 1
1 0.679831 0.535115 0.334898 1 -0.535606 -0.781646 0.0669796 1
1 0.595673 0.412299 0.279082 1 -0.135635 -0.937789 0.0558163 1
1 0.584716 0.336543 0.232568 1 0.412315 -0.853136 0.0465136 1
1 0.599627 0.305691 0.193807 1 0.598349 -0.734726 0.0387613 1
1 0.617289 0.284003 0.161506 1 0.932255 0.169544 0.0323011 1
1 0.692658 0.29771 0.134588 1 0.899036 -0.299296 0.0269176 1
1 0.697662 0.296044 0.112157 1 0.863179 -0.390853 0.0224313 1
1 0.808781 0.245728 0.0934639 1 0.372188 -0.87139 0.0186928 1
2 0.503401 0.508487 1 2 0.479095 -0.520905 0 1
2 0.591953 0.412207 0.833333 2 0.0405478 -0.706562 0.166667 1
2 0.593981 0.376873 0.694444 2 0.266662 -0.655565 0.138889 1
2 0.651817 0.234688 0.578704 2 -0.33246 -0.624776 0.115741 1
2 0.613637 0.162938 0.482253 2 -0.604367 -0.368259 0.0964506 1
2 0.544964 0.121094 0.401878 2 -0.156914 0.69011 0.0803755 1
2 0.542375 0.132479 0.334898 2 -0.441559 -0.553082 0.0669796 1
2 0.516724 0.10035 0.279082 2 -0.621952 -0.337713 0.0558163 1
3 0.488207 0.507395 1 3 0.330348 -0.669652 0 1
3 0.501108 0.481243 0.833333 3 -0.0783283 -0.742582 0.166667 1
3 0.50079 0.478227 0.694444 3 -0.401347 -0.62967 0.138889 1
3 0.49901 0.475435 0.578704 3 -0.653226 -0.361744 0.115741 1
3 0.438048 0.441675 0.482253 3 -0.361705 -0.653248 0.0964506 1
3 0.373922 0.325861 0.401878 3 -0.141245 -0.733221 0.0803755 1
3 0.337093 0.134677 0.334898 3 -0.698816 -0.263097 0.0669796 1
4 0.501624 0.507478 1 4 0.634306 0.365694 0 1
4 0.567324 0.545356 0.833333 4 -0.318184 0.65942 0.166667 1
4 0.545884 0.58979 0.694444 4 -0.614288 0.398404 0.138889 1
4 0.510654 0.612639 0.578704 4 -0.72332 0.113506 0.115741 1
4 0.410303 0.628386 0.482253 4 0.396489 0.615526 0.0964506 1
4 0.424679 0.650704 0.401878 4 -0.624583 0.382063 0.0803755 1
4 0.376251 0.680328 0.334898 4 -0.260445 0.684284 0.0669796 1
4 0.338111 0.780536 0.279082 4 -0.440201 0.585064 0.0558163 1
4 0.316133 0.809746 0.232568 4 -0.664971 -0.306414 0.0465136 1
4 0.188501 0.750934 0.193807 4 -0.700229 0.213904 0.0387613 1
5 0.486824 0.494304 1 5 0.561057 -0.438943 0 1
5 0.495487 0.487527 0.833333 5 0.71142 -0.0365635 0.166667 1
5 0.531697 0.485666 0.694444 5 0.675917 -0.224928 0.138889 1
5 0.668542 0.440127 0.578704 5 0.63183 -0.329009 0.115741 1
5 0.705874 0.420687 0.482253 5 -0.180742 -0.689049 0.0964506 1
5 0.703343 0.411039 0.401878 5 -0.539386 -0.465316 0.0803755 1
5 0.683305 0.393752 0.334898 5 -0.703441 0.112366 0.0669796 1
5 0.655512 0.398192 0.279082 5 0.0159213 0.712181 0.0558163 1
5 0.656581 0.446009 0.232568 5 0.465648 0.539099 0.0465136 1
5 0.732466 0.533864 0.193807 5 0.698679 0.138935 0.0387613 1
5 0.756588 0.538661 0.161506 5 0.712305 0.0087972 0.0323011 1
5 0.79502 0.539135 0.134588 5 0.696702 0.148532 0.0269176 1
5 0.823575 0.545223 0.112157 5 0.599448 0.38486 0.0224313 1
5 0.83697 0.553823 0.0934639 5 0.543527 0.460472 0.0186928 1
5 0.888039 0.597088 0.0778866 5 0.674536 -0.229035 0.0155773 1
6 0.486955 0.500159 1 6 -0.509685 0.490315 0 1
6 0.46724 0.519125 0.833333 6 0.013375 0.707113 0.166667 1
6 0.468621 0.592136 0.694444 6 -0.658384 -0.258299 0.138889 1
6 0.365061 0.551506 0.578704 6 -0.447741 -0.547463 0.115741 1
6 0.314722 0.489956 0.482253 6 -0.706052 -0.0409695 0.0964506 1
6 0.235006 0.48533 0.401878 6 -0.556041 0.437043 0.0803755 1
6 0.228003 0.490834 0.334898 6 -0.434783 -0.55781 0.0669796 1
6 0.20869 0.466057 0.279082 6 0.614694 -0.349769 0.0558163 1
6 0.209837 0.465405 0.232568 6 0.666965 -0.235257 0.0465136 1
6 0.245146 0.45295 0.193807 6 0.688984 -0.15965 0.0387613 1
6 0.338335 0.431357 0.161506 6 0.693819 0.137122 0.0323011 1
6 0.341788 0.432039 0.134588 6 0.419844 0.569139 0.0269176 1
6 0.35753 0.453378 0.112157 6 0.0774862 0.702982 0.0224313 1
6 0.374615 0.608382 0.0934639 6 0.017211 0.70703 0.0186928 1
6 0.374875 0.619044 0.0778866 6 -0.128332 0.695499 0.0155773 1
6 0.373126 0.628519 0.0649055 6 -0.657729 0.259963 0.0129811 1
6 0.340162 0.641548 0.0540879 6 -0.450583 0.545126 0.0108176 1
6 0.304942 0.684158 0.0450732 6 0.0363981 0.706302 0.00901465 1
6 0.313693 0.853963 0.037561 6 0.705822 -0.0447475 0.00751221 1
7 0.506032 0.512644 1 7 0.719138 -0.280862 0 1
7 0.534112 0.501677 0.833333 7 0.547332 -0.544491 0.166667 1
7 0.595054 0.441051 0.694444 7 0.458171 -0.621387 0.138889 1
7 0.647714 0.369632 0.578704 7 0.657071 -0.40534 0.115741 1
7 0.805909 0.272043 0.482253 7 0.738796 -0.224107 0.0964506 1
7 0.824667 0.266353 0.401878 7 0.677137 -0.370849 0.0803755 1

