1 0.509409 0.496544 1 1 -0.945181 0.0548194 0 1
1 0.507089 0.496679 0.833333 1 -0.893832 0.312147 0.166667 1
1 0.46266 0.512195 0.694444 1 -0.414935 0.850999 0.138889 1
1 0.460068 0.51751 0.578704 1 0.492442 0.808623 0.115741 1
1 0.488757 0.564619 0.482253 1 0.798772 0.508266 0.0964506 1
1 0.511216 0.57891 0.401878 1 0.942795 -0.086654 0.0803755 1
1 0.512244 0.578815 0.334898 1 0.0914459 0.942342 0.0669796 1
1 0.512557 0.582047 0.279082 1 -0.946703 -0.0111984 0.0558163 1
1 0.484623 0.581717 0.232568 1 0.354735 -0.877801 0.0465136 1
1 0.504775 0.53185 0.193807 1 0.946177 0.0334835 0.0387613 1
1 0.512971 0.53214 0.161506 1 0.712735 -0.623202 0.0323011 1
1 0.527039 0.519839 0.134588 1 0.637037 -0.700396 0.0269176 1
1 0.542077 0.503305 0.112157 1 -0.323523 -0.889778 0.0224313 1
1 0.511625 0.419553 0.0934639 1 -0.134781 -0.937126 0.0186928 1
1 0.511412 0.418072 0.0778866 1 0.289428 -0.901445 0.0155773 1
1 0.531407 0.355795 0.0649055 1 -0.936772 0.137219 0.0129811 1
1 0.325476 0.38596 0.0540879 1 -0.741055 0.589244 0.0108176 1
1 0.306777 0.400828 0.0450732 1 -0.284047 0.903155 0.00901465 1
1 0.291351 0.449875 0.037561 1 -0.890355 -0.321931 0.00751221 1
1 0.193292 0.414419 0.0313009 1 -0.920969 0.219515 0.00626017 1
1 0.179031 0.417818 0.0260841 1 -0.945426 -0.0504142 0.00521681 1
1 0.109332 0.414101 0.0217367 1 0.575373 0.751876 0.00434734 1
2 0.487299 0.507375 1 2 0.365674 0.634326 0 1
2 0.495585 0.521748 0.833333 2 0.0703356 0.728794 0.166667 1
2 0.496743 0.533749 0.694444 2 -0.674616 -0.284571 0.138889 1
2 0.491134 0.531382 0.578704 2 -0.587159 -0.437414 0.115741 1
2 0.466667 0.513155 0.482253 2 -0.504068 -0.53104 0.0964506 1
2 0.465167 0.511575 0.401878 2 -0.718453 0.141114 0.0803755 1
2 0.374294 0.529424 0.334898 2 -0.637269 0.360521 0.0669796 1
2 0.344409 0.546331 0.279082 2 -0.616808 -0.394507 0.0558163 1
2 0.175634 0.438384 0.232568 2 -0.264697 -0.682659 0.0465136 1
2 0.13558 0.335082 0.193807 2 0.681052 -0.268804 0.0387613 1
3 0.500669 0.499664 1 3 0.919673 0.0803274 0 1
3 0.564008 0.505197 0.833333 3 0.810366 0.442219 0.166667 1
3 0.666574 0.561167 0.694444 3 0.892476 0.236088 0.138889 1
3 0.691913 0.56787 0.578704 3 0.893708 -0.231378 0.115741 1
3 0.699896 0.565803 0.482253 3 0.922936 -0.0209632 0.0964506 1
3 0.895265 0.561366 0.401878 3 0.747053 0.542367 0.0803755 1
4 0.498907 0.499655 1 4 0.214842 0.785158 0 1
4 0.527463 0.604012 0.833333 4 -0.15353 0.799411 0.166667 1
4 0.519516 0.645391 0.694444 4 -0.813942 -0.0113183 0.138889 1
4 0.379374 0.643442 0.578704 4 -0.687182 0.436361 0.115741 1
4 0.373198 0.647364 0.482253 4 -0.804143 0.126429 0.0964506 1
4 0.340514 0.652502 0.401878 4 -0.808791 -0.0921278 0.0803755 1
4 0.325959 0.650844 0.334898 4 0.487138 -0.652171 0.0669796 1
4 0.392073 0.562332 0.279082 4 0.712421 0.39381 0.0558163 1
4 0.471722 0.606361 0.232568 4 0.811469 -0.0644114 0.0465136 1
4 0.482153 0.605533 0.193807 4 -0.358031 -0.731057 0.0387613 1
4 0.41146 0.461188 0.161506 4 0.786803 -0.208736 0.0323011 1
4 0.457896 0.448868 0.134588 4 0.78513 0.214942 0.0269176 1
4 0.720832 0.520851 0.112157 4 0.519454 0.626735 0.0224313 1
4 0.758145 0.565871 0.0934639 4 0.741108 -0.336732 0.0186928 1
4 0.789559 0.551598 0.0778866 4 0.294378 -0.758928 0.0155773 1
4 0.79183 0.545742 0.0649055 4 -0.771762 0.258869 0.0129811 1
4 0.680534 0.583074 0.0540879 4 -0.339178 -0.739992 0.0108176 1
4 0.62409 0.459928 0.0450732 4 0.264024 -0.770014 0.00901465 1
4 0.632199 0.436278 0.037561 4 0.108322 -0.806781 0.00751221 1
4 0.639081 0.385025 0.0313009 4 0.691083 0.430156 0.00626017 1
4 0.684802 0.413484 0.0260841 4 0.0765409 0.810414 0.00521681 1
4 0.689552 0.463781 0.0217367 4 -0.485222 0.653597 0.00434734 1
4 0.667144 0.493966 0.0181139 4 -0.193255 -0.790748 0.00362279 1
4 0.658995 0.460626 0.0150949 4 -0.596122 -0.554318 0.00301899 1
4 0.6035 0.409022 0.0125791 4 -0.748557 0.319831 0.00251582 1
4 0.532207 0.439483 0.0104826 4 -0.779807 0.233518 0.00209652 1
4 0.298196 0.509559 0.0087355 4 0.202357 0.788468 0.0017471 1
4 0.301704 0.523228 0.00727958 4 -0.812712 -0.0461401 0.00145592 1
4 0.294273 0.522806 0.00606632 4 -0.738409 -0.342612 0.00121326 1
4 0.28009 0.516225 0.00505526 4 -0.341326 0.739004 0.00101105 1
4 0.255035 0.570473 0.00421272 4 0.329505 0.74435 0.000842544 1
4 0.286558 0.641684 0.0035106 4 -0.74076 0.337496 0.00070212 1
4 0.172693 0.693562 0.0029255 4 0.594706 0.555837 0.0005851 1
4 0.356506 0.865361 0.00243792 4 0.390399 0.714296 0.000487583 1
4 0.362019 0.875448 0.0020316 4 -0.700654 -0.414384 0.000406319 1
5 0.505619 0.500613 1 5 -0.642591 0.357409 0 1
5 0.483101 0.513137 0.833333 5 -0.632194 -0.375493 0.166667 1
5 0.441562 0.488465 0.694444 5 -0.538246 -0.500955 0.138889 1
5 0.41009 0.459173 0.578704 5 0.171078 -0.71512 0.115741 1
5 0.415482 0.436632 0.482253 5 -0.733147 0.0562089 0.0964506 1
5 0.392436 0.438399 0.401878 5 -0.735231 0.00998418 0.0803755 1
5 0.365694 0.438762 0.334898 5 -0.495717 0.543074 0.0669796 1
5 0.259928 0.554632 0.279082 5 0.119352 0.725548 0.0558163 1
5 0.267477 0.600521 0.232568 5 0.466593 0.568292 0.0465136 1
5 0.42766 0.795619 0.193807 5 -0.219886 0.701651 0.0387613 1
5 0.39901 0.887041 0.161506 5 -0.685202 0.266764 0.0323011 1
6 0.499935 0.500047 1 6 0.320352 0.679648 0 1
6 0.536687 0.578019 0.833333 6 0.395319 0.63896 0.166667 1
6 0.592493 0.668218 0.694444 6 0.0979986 0.744945 0.138889 1
6 0.612231 0.818263 0.578704 6 0.347744 -0.666049 0.115741 1
6 0.617273 0.808605 0.482253 6 -0.0624713 -0.748762 0.0964506 1
6 0.616252 0.796364 0.401878 6 0.448957 -0.602482 0.0803755 1
6 0.658106 0.740198 0.334898 6 -0.00926831 0.751306 0.0669796 1
6 0.657816 0.763687 0.279082 6 -0.458261 0.595436 0.0558163 1
6 0.571039 0.876439 0.232568 6 -0.357885 -0.660655 0.0465136 1
6 0.56586 0.866878 0.193807 6 0.302474 -0.687791 0.0387613 1
6 0.592634 0.805996 0.161506 6 0.483751 -0.574919 0.0323011 1
6 0.607332 0.788527 0.134588 6 0.676152 -0.327666 0.0269176 1
6 0.801014 0.694669 0.112157 6 0.0757742 0.747533 0.0224313 1
6 0.807244 0.756127 0.0934639 6 0.733943 -0.160853 0.0186928 1
7 0.498255 0.498437 1 7 0.585574 -0.414426 0 1
7 0.508054 0.491502 0.833333 7 -0.0838465 -0.712471 0.166667 1
7 0.505258 0.467745 0.694444 7 -0.596468 -0.398587 0.138889 1
7 0.464886 0.440766 0.578704 7 -0.358152 0.621589 0.115741 1
7 0.446898 0.471985 0.482253 7 -0.692585 -0.187009 0.0964506 1
7 0.439964 0.470113 0.401878 7 -0.0835852 0.712502 0.0803755 1
7 0.432717 0.531895 0.334898 7 -0.0345405 0.716556 0.0669796 1
7 0.430092 0.586346 0.279082 7 0.701429 0.150478 0.0558163 1
7 0.456869 0.59209 0.232568 7 -0.112968 0.708438 0.0465136 1
7 0.451123 0.628126 0.193807 7 -0.531442 0.481887 0.0387613 1
7 0.422844 0.653768 0.161506 7 -0.681722 -0.223385 0.0323011 1
7 0.355852 0.631816 0.134588 7 -0.406626 -0.591017 0.0269176 1
7 0.336716 0.604003 0.112157 7 0.229585 -0.679659 0.0224313 1
7 0.343884 0.582781 0.0934639 7 0.633691 -0.336276 0.0186928 1
7 0.350351 0.579349 0.0778866 7 -0.349949 -0.626244 0.0155773 1
7 0.316127 0.518105 0.0649055 7 -0.419312 0.582085 0.0129811 1
7 0.311615 0.524368 0.0540879 7 0.126742 0.706104 0.0108176 1
7 0.32072 0.575088 0.0450732 7 0.658011 -0.285774 0.00901465 1
7 0.422496 0.530887 0.037561 7 0.332878 -0.635482 0.00751221 1
7 0.464842 0.450047 0.0313009 7 -0.714763 -0.0613206 0.00626017 1
7 0.463324 0.449916 0.0260841 7 0.183311 -0.693573 0.00521681 1
7 0.468857 0.428982 0.0217367 7 0.519544 -0.494692 0.00434734 1
7 0.553593 0.3483 0.0181139 7 0.70723 0.1203 0.00362279 1
7 0.555819 0.348679 0.0150949 7 0.518892 0.495375 0.00301899 1
7 0.625302 0.415012 0.0125791 7 0.710123 0.101841 0.00251582 1
7 0.629129 0.415561 0.0104826 7 0.698443 -0.163778 0.00209652 1
7 0.686836 0.40203 0.0087355 7 0.0567768 0.715138 0.0017471 1
7 0.687397 0.409097 0.00727958 7 0.270842 0.664297 0.00145592 1
7 0.710247 0.465141 0.00606632 7 -0.479795 0.533331 0.00121326 1
7 0.671579 0.508123 0.00505526 7 -0.116442 0.707875 0.00101105 1
7 0.664355 0.552037 0.00421272 7 0.420671 0.581104 0.000842544 1
7 0.665745 0.553957 0.0035106 7 -0.00220287 0.717385 0.00070212 1
7 0.665497 0.634788 0.0029255 7 -0.619709 -0.361394 0.0005851 1
7 0.606898 0.600615 0.00243792 7 -0.435028 -0.570435 0.000487583 1
7 0.580475 0.565968 0.0020316 7 -0.706534 -0.124317 0.000406319 1
7 0.57375 0.564784 0.001693 7 -0.645872 0.312242 0.0003386 1
7 0.570686 0.566265 0.00141083 7 -0.539846 0.472453 0.000282166 1
7 0.569191 0.567574 0.00117569 7 -0.705339 -0.130928 0.000235139 1
7 0.555163 0.56497 0.000979744 7 -0.132078 -0.705125 0.000195949 1
7 0.537164 0.468875 0.000816453 7 -0.705692 -0.129011 0.000163291 1
7 0.49874 0.461851 0.000680378 7 -0.51957 -0.494664 0.000136076 1
7 0.497635 0.460799 0.000566982 7 -0.675487 -0.241585 0.000113396 1
7 0.471993 0.451628 0.000472485 7 0.566916 -0.439605 9.44969e-05 1
7 0.506262 0.425055 0.000393737 7 0.153618 -0.700748 7.87474e-05 1
7 0.514037 0.389589 0.000328114 7 0.712102 0.0869255 6.56229e-05 1
7 0.567752 0.396146 0.000273429 7 0.586849 -0.412619 5.46857e-05 1
7 0.635186 0.348732 0.000227857 7 0.671832 0.251569 4.55714e-05 1
7 0.647185 0.353226 0.000189881 7 0.691254 -0.19187 3.79762e-05 1
7 0.693223 0.340447 0.000158234 7 0.446907 0.561177 3.16468e-05 1
7 0.696132 0.3441 0.000131862 7 0.716282 -0.0398174 2.63724e-05 1
7 0.812565 0.337628 0.000109885 7 -0.485377 -0.528256 2.1977e-05 1
7 0.675951 0.188945 9.15707e-05 7 -0.705369 -0.130769 1.83141e-05 1

