1 0.501707 0.507305 1 1 0.462678 -0.537322 0 1
1 0.544989 0.457041 0.833333 1 -0.129506 -0.697147 0.166667 1
1 0.535473 0.405815 0.694444 1 -0.614914 -0.353081 0.138889 1
1 0.515346 0.394258 0.578704 1 -0.637769 0.309897 0.115741 1
1 0.445795 0.428053 0.482253 1 -0.102495 0.701627 0.0964506 1
1 0.442959 0.447471 0.401878 1 -0.620211 0.343693 0.0803755 1
1 0.349937 0.49902 0.334898 1 0.0890832 -0.703456 0.0669796 1
1 0.356149 0.449963 0.279082 1 0.359595 0.611128 0.0558163 1
1 0.406242 0.535096 0.232568 1 0.545984 0.452424 0.0465136 1
1 0.425609 0.551145 0.193807 1 0.374174 -0.602312 0.0387613 1
1 0.464465 0.488598 0.161506 1 -0.668 -0.237828 0.0323011 1
1 0.452027 0.48417 0.134588 1 -0.694379 0.143611 0.0269176 1
1 0.215272 0.533136 0.112157 1 -0.547697 0.450349 0.0224313 1
1 0.116656 0.614224 0.0934639 1 -0.223373 0.672971 0.0186928 1
2 0.492793 0.489222 1 2 0.0905284 -0.909472 0 1
2 0.493443 0.482685 0.833333 2 -0.878333 -0.252716 0.166667 1
2 0.432824 0.465244 0.694444 2 -0.495108 0.768246 0.138889 1
2 0.361088 0.576555 0.578704 2 -0.0403745 0.913074 0.115741 1
2 0.357839 0.650016 0.482253 2 -0.432556 0.805127 0.0964506 1
2 0.321984 0.716754 0.401878 2 0.649474 0.643053 0.0803755 1
2 0.335199 0.729838 0.334898 2 0.7886 0.462 0.0669796 1
2 0.370622 0.75059 0.279082 2 0.836775 -0.367617 0.0558163 1
2 0.380591 0.746211 0.232568 2 0.878703 0.251426 0.0465136 1
2 0.44042 0.76333 0.193807 2 -0.874772 0.264778 0.0387613 1
2 0.311509 0.802349 0.161506 2 0.467604 -0.78529 0.0323011 1
2 0.317234 0.792734 0.134588 2 0.800983 -0.440182 0.0269176 1
2 0.338138 0.781246 0.112157 2 0.0703197 -0.911257 0.0224313 1
2 0.34051 0.750512 0.0934639 2 0.335686 -0.850087 0.0186928 1
2 0.404155 0.589338 0.0778866 2 0.215376 -0.888227 0.0155773 1
2 0.408788 0.570231 0.0649055 2 -0.907607 -0.107627 0.0129811 1
2 0.263937 0.553054 0.0540879 2 -0.655982 -0.636413 0.0108176 1
2 0.25463 0.544025 0.0450732 2 -0.333289 -0.85103 0.00901465 1
2 0.235525 0.495242 0.037561 2 -0.65925 -0.633027 0.00751221 1
2 0.209106 0.469874 0.0313009 2 -0.875056 -0.26384 0.00626017 1
2 0.104769 0.438415 0.0260841 2 0.250766 -0.878892 0.00521681 1
3 0.514157 0.503823 1 3 -0.0471237 0.952876 0 1
3 0.511544 0.556644 0.833333 3 -0.904844 0.30241 0.166667 1
3 0.510964 0.556838 0.694444 3 -0.477805 0.82577 0.138889 1
3 0.457308 0.64957 0.578704 3 0.637815 0.709497 0.115741 1
3 0.528255 0.728491 0.482253 3 0.265377 0.916389 0.0964506 1
3 0.54545 0.78787 0.401878 3 -0.359365 0.883771 0.0803755 1
3 0.514695 0.863504 0.334898 3 -0.160583 0.940429 0.0669796 1
3 0.508479 0.89991 0.279082 3 0.727662 0.61701 0.0558163 1
4 0.498632 0.500856 1 4 0.482951 0.517049 0 1
4 0.509974 0.512998 0.833333 4 0.60129 -0.37287 0.166667 1
4 0.5108 0.512486 0.694444 4 0.50711 0.493377 0.138889 1
4 0.525978 0.527253 0.578704 4 0.703535 0.0749687 0.115741 1
4 0.531453 0.527837 0.482253 4 0.241781 -0.664923 0.0964506 1
4 0.542431 0.497646 0.401878 4 0.705408 -0.0546021 0.0803755 1
4 0.562647 0.496082 0.334898 4 0.126768 0.696068 0.0669796 1
4 0.579534 0.58881 0.279082 4 -0.570135 0.418959 0.0558163 1
4 0.573105 0.593535 0.232568 4 -0.0459203 0.706026 0.0465136 1
4 0.569602 0.647392 0.193807 4 0.670758 0.225089 0.0387613 1
4 0.669111 0.680784 0.161506 4 0.388649 0.591213 0.0323011 1
4 0.69235 0.716135 0.134588 4 0.672738 -0.219102 0.0269176 1
4 0.790031 0.684322 0.112157 4 0.252383 -0.660972 0.0224313 1
4 0.80366 0.648629 0.0934639 4 -0.645013 -0.290757 0.0186928 1
4 0.692307 0.598434 0.0778866 4 -0.704118 0.0692722 0.0155773 1
4 0.607024 0.606825 0.0649055 4 0.216671 -0.673524 0.0129811 1
4 0.613934 0.585344 0.0540879 4 -0.022798 -0.70715 0.0108176 1
4 0.611966 0.524296 0.0450732 4 0.62228 -0.336673 0.00901465 1
4 0.622156 0.518783 0.037561 4 0.663454 0.245784 0.00751221 1
4 0.629658 0.521562 0.0313009 4 0.449209 0.54662 0.00626017 1
4 0.716424 0.627143 0.0260841 4 -0.455471 0.541412 0.00521681 1
4 0.704684 0.641098 0.0217367 4 0.322993 0.629489 0.00434734 1
4 0.743399 0.71655 0.0181139 4 0.490238 0.510145 0.00362279 1
4 0.794949 0.770194 0.0150949 4 0.301175 0.640215 0.00301899 1
5 0.490476 0.495767 1 5 0.65177 0.34823 0 1
5 0.563745 0.534914 0.833333 5 0.146338 0.72433 0.166667 1
5 0.564974 0.540995 0.694444 5 0.733583 0.0890154 0.138889 1
5 0.59125 0.544183 0.578704 5 0.68938 -0.266126 0.115741 1
5 0.608186 0.537645 0.482253 5 0.34824 -0.651765 0.0964506 1
5 0.614758 0.525345 0.401878 5 0.734156 0.0841582 0.0803755 1
5 0.760188 0.542016 0.334898 5 0.116177 0.729775 0.0669796 1
5 0.762265 0.555064 0.279082 5 -0.0511106 0.737195 0.0558163 1
5 0.751978 0.703432 0.232568 5 -0.73479 -0.0784304 0.0465136 1
5 0.694429 0.69729 0.193807 5 -0.737397 0.0480976 0.0387613 1
5 0.520666 0.708624 0.161506 5 -0.722962 -0.152951 0.0323011 1
5 0.501465 0.704561 0.134588 5 -0.399058 -0.621949 0.0269176 1
5 0.483137 0.675996 0.112157 5 -0.480132 0.561731 0.0224313 1
5 0.404379 0.768139 0.0934639 5 -0.724229 0.146836 0.0186928 1
5 0.308482 0.787582 0.0778866 5 -0.344535 0.653731 0.0155773 1
5 0.297108 0.809162 0.0649055 5 0.647977 0.355238 0.0129811 1
5 0.314589 0.818746 0.0540879 5 0.73757 -0.0453676 0.0108176 1
5 0.445568 0.810689 0.0450732 5 -0.415065 0.611383 0.00901465 1
5 0.444732 0.811921 0.037561 5 0.737121 -0.0521581 0.00751221 1
5 0.446998 0.811761 0.0313009 5 0.379402 -0.634131 0.00626017 1
5 0.467145 0.778088 0.0260841 5 0.606604 -0.422018 0.00521681 1
5 0.474138 0.773223 0.0217367 5 0.247903 -0.696141 0.00434734 1
5 0.507362 0.679926 0.0181139 5 0.718379 -0.173205 0.00362279 1
5 0.510315 0.679214 0.0150949 5 -0.160368 -0.721353 0.00301899 1
5 0.50712 0.664841 0.0125791 5 -0.682511 0.283279 0.00251582 1
5 0.378476 0.718236 0.0104826 5 -0.644209 0.362026 0.00209652 1
5 0.332377 0.744142 0.0087355 5 0.143104 0.724976 0.0017471 1
5 0.341534 0.790534 0.00727958 5 -0.206155 0.709625 0.00145592 1
5 0.321889 0.858157 0.00606632 5 -0.471963 0.568612 0.00121326 1
6 0.496172 0.507299 1 6 0.9998 0.00019966 0 1
6 0.552575 0.507311 0.833333 6 0.672329 0.739983 0.166667 1
6 0.597125 0.556344 0.694444 6 0.066315 0.997599 0.138889 1
6 0.598532 0.577516 0.578704 6 0.432059 0.901624 0.115741 1
6 0.721117 0.833327 0.482253 6 -0.996527 0.0808335 0.0964506 1
7 0.497475 0.496383 1 7 -0.0063351 -0.993665 0 1
7 0.497386 0.482375 0.833333 7 -0.568363 -0.815091 0.166667 1
7 0.463467 0.433731 0.694444 7 0.1283 -0.985368 0.138889 1
7 0.466795 0.408172 0.578704 7 0.931205 0.346796 0.115741 1
7 0.488804 0.416368 0.482253 7 -0.98905 0.0958613 0.0964506 1
7 0.11211 0.452878 0.401878 7 -0.635162 -0.764186 0.0803755 1
7 0.110581 0.451037 0.334898 7 -0.92798 0.355335 0.0669796 1
7 0.107358 0.452271 0.279082 7 -0.238926 0.964533 0.0558163 1
7 0.100503 0.479944 0.232568 7 0.697742 0.707507 0.0465136 1

