1 0.499598 0.505629 1 1 -0.324555 0.675445 0 1
1 0.423323 0.664367 0.833333 1 -0.5763 0.478999 0.166667 1
1 0.410557 0.674978 0.694444 1 -0.0566479 0.74723 0.138889 1
1 0.40987 0.684034 0.578704 1 -0.474279 0.580191 0.115741 1
1 0.3443 0.764248 0.482253 1 -0.712595 0.231883 0.0964506 1
1 0.342157 0.764945 0.401878 1 -0.747135 -0.0578854 0.0803755 1
1 0.190324 0.753182 0.334898 1 -0.578645 -0.476164 0.0669796 1
2 0.500447 0.502973 1 2 -0.546887 -0.453113 0 1
2 0.475466 0.482276 0.833333 2 -0.66298 -0.254665 0.166667 1
2 0.464727 0.478151 0.694444 2 0.667213 -0.243359 0.138889 1
2 0.533049 0.453231 0.578704 2 0.704724 0.0880951 0.115741 1
2 0.533175 0.453247 0.482253 2 0.356789 0.614083 0.0964506 1
2 0.569799 0.516283 0.401878 2 -0.302017 0.642793 0.0803755 1
2 0.555615 0.546472 0.334898 2 0.614184 0.356617 0.0669796 1
2 0.555639 0.546486 0.279082 2 0.476613 0.526533 0.0558163 1
2 0.557043 0.548038 0.232568 2 0.440891 -0.556787 0.0465136 1
2 0.587495 0.509581 0.193807 2 0.590203 -0.395041 0.0387613 1
2 0.639472 0.474791 0.161506 2 -0.316729 -0.635673 0.0323011 1
2 0.636669 0.469166 0.134588 2 0.0674897 -0.706995 0.0269176 1
2 0.644854 0.383429 0.112157 2 0.216547 -0.676391 0.0224313 1
2 0.646838 0.37723 0.0934639 2 0.705034 0.0855816 0.0186928 1
2 0.662297 0.379107 0.0778866 2 -0.619208 0.347819 0.0155773 1
2 0.613123 0.406729 0.0649055 2 -0.337368 0.624964 0.0129811 1
2 0.602358 0.426671 0.0540879 2 0.127144 0.698735 0.0108176 1
2 0.603378 0.432279 0.0450732 2 0.692105 0.159336 0.00901465 1
2 0.657007 0.444626 0.037561 2 0.208249 0.678991 0.00751221 1
2 0.673452 0.498245 0.0313009 2 -0.0638652 0.707332 0.00626017 1
2 0.671081 0.524506 0.0260841 2 -0.370855 0.605692 0.00521681 1
2 0.669172 0.527625 0.0217367 2 -0.186964 0.685158 0.00434734 1
2 0.667009 0.535553 0.0181139 2 0.104932 0.702414 0.00362279 1
2 0.690917 0.695593 0.0150949 2 0.657142 0.269371 0.00301899 1
2 0.730064 0.71164 0.0125791 2 0.512207 0.491977 0.00251582 1
2 0.732081 0.713577 0.0104826 2 0.710085 0.0132903 0.00209652 1
2 0.743911 0.713798 0.0087355 2 -0.112459 -0.701249 0.0017471 1
2 0.738578 0.68054 0.00727958 2 0.580203 -0.409586 0.00145592 1
2 0.749227 0.673023 0.00606632 2 0.700544 -0.116771 0.00121326 1
2 0.764873 0.670415 0.00505526 2 -0.109858 0.701661 0.00101105 1
2 0.750893 0.759709 0.00421272 2 0.530752 0.471911 0.000842544 1
2 0.780036 0.785622 0.0035106 2 0.348518 0.618815 0.00070212 1
3 0.499542 0.500133 1 3 -0.701535 -0.298465 0 1
3 0.408273 0.461303 0.833333 3 -0.141399 -0.749159 0.166667 1
3 0.392529 0.377886 0.694444 3 0.610264 -0.456958 0.138889 1
3 0.409364 0.36528 0.578704 3 0.619055 0.444976 0.115741 1
3 0.472704 0.410809 0.482253 3 0.689238 -0.325858 0.0964506 1
3 0.4792 0.407737 0.401878 3 0.696371 0.310322 0.0803755 1
3 0.506882 0.420073 0.334898 3 0.585313 0.48851 0.0669796 1
3 0.555311 0.460492 0.279082 3 0.380391 -0.660709 0.0558163 1
3 0.565939 0.442032 0.232568 3 0.757925 -0.0823592 0.0465136 1
3 0.604085 0.437887 0.193807 3 0.677037 -0.350505 0.0387613 1
3 0.759153 0.357608 0.161506 3 -0.0473204 0.760916 0.0323011 1
3 0.758199 0.372949 0.134588 3 0.654699 -0.390644 0.0269176 1
3 0.854807 0.315305 0.112157 3 -0.305915 -0.698319 0.0224313 1
4 0.498742 0.499887 1 4 -0.0318695 0.968131 0 1
4 0.494791 0.619933 0.833333 4 0.484177 0.838966 0.166667 1
4 0.506136 0.639592 0.694444 4 0.90164 -0.354031 0.138889 1
4 0.539016 0.626682 0.578704 4 -0.961403 -0.118306 0.115741 1
4 0.50445 0.622428 0.482253 4 -0.752271 0.61023 0.0964506 1
4 0.377235 0.725623 0.401878 4 -0.800951 0.544766 0.0803755 1
4 0.24994 0.812202 0.334898 4 -0.938782 0.238706 0.0669796 1
5 0.508092 0.511844 1 5 0.394886 -0.605114 0 1
5 0.516411 0.499098 0.833333 5 0.558576 -0.458357 0.166667 1
5 0.699393 0.348945 0.694444 5 -0.114 -0.713514 0.138889 1
5 0.695411 0.324022 0.578704 5 0.720866 0.0495022 0.115741 1
5 0.788116 0.330389 0.482253 5 0.574518 0.438209 0.0964506 1
5 0.801017 0.340228 0.401878 5 0.122373 0.712126 0.0803755 1
5 0.80907 0.387095 0.334898 5 0.234197 0.683557 0.0669796 1
5 0.81073 0.391939 0.279082 5 0.634056 0.346512 0.0558163 1
5 0.812873 0.39311 0.232568 5 0.70968 -0.135841 0.0465136 1
5 0.865531 0.383031 0.193807 5 0.69796 -0.186949 0.0387613 1
5 0.881206 0.378832 0.161506 5 0.565335 0.449994 0.0323011 1
6 0.509055 0.509838 1 6 -0.240214 0.759786 0 1
6 0.471159 0.629702 0.833333 6 0.0674265 0.793997 0.166667 1
6 0.487483 0.821928 0.694444 6 0.65536 0.4533 0.138889 1
6 0.528983 0.850633 0.578704 6 0.772907 -0.193887 0.115741 1
6 0.592513 0.834696 0.482253 6 -0.515624 -0.607543 0.0964506 1
6 0.557651 0.793619 0.401878 6 -0.795087 -0.0530456 0.0803755 1
6 0.490553 0.789143 0.334898 6 -0.500788 -0.61983 0.0669796 1
6 0.48926 0.787542 0.279082 6 0.456281 -0.653288 0.0558163 1
6 0.498776 0.773917 0.232568 6 0.776913 -0.177154 0.0465136 1
6 0.502363 0.773099 0.193807 6 -0.325035 -0.72755 0.0387613 1
6 0.446851 0.648842 0.161506 6 -0.680151 -0.415177 0.0323011 1
6 0.437163 0.642929 0.134588 6 -0.763669 0.227569 0.0269176 1
6 0.43061 0.644882 0.112157 6 -0.75718 -0.248307 0.0224313 1
6 0.322555 0.609446 0.0934639 6 0.0457233 0.795542 0.0186928 1
6 0.332206 0.777365 0.0778866 6 0.778932 0.168055 0.0155773 1
6 0.334251 0.777806 0.0649055 6 0.772647 0.194919 0.0129811 1
6 0.396236 0.793444 0.0540879 6 -0.037613 -0.795966 0.0108176 1
6 0.392543 0.715294 0.0450732 6 0.213206 -0.767802 0.00901465 1
6 0.416312 0.629695 0.037561 6 -0.736152 -0.305054 0.00751221 1
6 0.383327 0.616026 0.0313009 6 -0.574642 -0.552055 0.00626017 1
6 0.234922 0.473454 0.0260841 6 -0.125918 -0.786843 0.00521681 1
6 0.23195 0.454882 0.0217367 6 -0.652808 -0.456967 0.00434734 1
6 0.119623 0.376253 0.0181139 6 -0.205254 0.769966 0.00362279 1
7 0.507346 0.492695 1 7 0.440764 0.559236 0 1
7 0.540413 0.53465 0.833333 7 -0.0252158 0.711605 0.166667 1
7 0.539392 0.563459 0.694444 7 -0.543259 0.460313 0.138889 1
7 0.518964 0.580768 0.578704 7 0.711839 0.0174119 0.115741 1
7 0.55229 0.581583 0.482253 7 0.517671 -0.488912 0.0964506 1
7 0.57961 0.555781 0.401878 7 -0.381936 -0.600951 0.0803755 1
7 0.578851 0.554587 0.334898 7 -0.51865 -0.487873 0.0669796 1
7 0.508518 0.488427 0.279082 7 0.250842 -0.666405 0.0558163 1
7 0.519619 0.458936 0.232568 7 0.696888 -0.146169 0.0465136 1
7 0.57711 0.446877 0.193807 7 -0.0732577 0.708273 0.0387613 1
7 0.557026 0.641047 0.161506 7 -0.572443 0.42347 0.0323011 1
7 0.554483 0.642928 0.134588 7 0.224189 0.675838 0.0269176 1
7 0.560118 0.659917 0.112157 7 0.381845 0.601009 0.0224313 1
7 0.583676 0.696997 0.0934639 7 0.0570482 0.709763 0.0186928 1
7 0.584176 0.703213 0.0778866 7 0.54415 0.459258 0.0155773 1
7 0.604709 0.720543 0.0649055 7 -0.554419 0.446808 0.0129811 1
7 0.57642 0.743342 0.0540879 7 -0.623787 -0.343377 0.0108176 1
7 0.476898 0.688558 0.0450732 7 -0.141236 -0.697904 0.00901465 1
7 0.465996 0.634684 0.037561 7 0.706371 -0.0897632 0.00751221 1
7 0.552174 0.623733 0.0313009 7 0.0768897 0.707888 0.00626017 1
7 0.557094 0.669028 0.0260841 7 -0.442633 0.557758 0.00521681 1
7 0.533967 0.69817 0.0217367 7 -0.281231 0.654161 0.00434734 1
7 0.52039 0.72975 0.0181139 7 0.696199 0.149415 0.00362279 1
7 0.527189 0.731209 0.0150949 7 0.598915 0.385122 0.00301899 1
7 0.556814 0.750259 0.0125791 7 0.481843 0.524257 0.00251582 1
7 0.595699 0.792567 0.0104826 7 -0.617152 0.355164 0.00209652 1
7 0.533419 0.828408 0.0087355 7 -0.178678 0.689269 0.0017471 1
7 0.514932 0.899721 0.00727958 7 -0.00538631 0.712031 0.00145592 1

