1 0.505522 0.502018 1 1 -0.0315335 0.968467 0 1
1 0.504689 0.527596 0.833333 1 -0.405195 0.880193 0.166667 1
1 0.466229 0.611143 0.694444 1 0.901091 0.356309 0.138889 1
1 0.490026 0.620553 0.578704 1 -0.708669 0.66084 0.115741 1
1 0.391106 0.712798 0.482253 1 -0.958557 -0.141739 0.0964506 1
1 0.377252 0.710749 0.401878 1 -0.69616 -0.674005 0.0803755 1
1 0.360965 0.69498 0.334898 1 -0.882941 0.399171 0.0669796 1
1 0.345696 0.701884 0.279082 1 -0.326368 0.912363 0.0558163 1
1 0.302039 0.823925 0.232568 1 0.21694 0.944383 0.0465136 1
1 0.308272 0.851056 0.193807 1 -0.597844 0.762565 0.0387613 1
2 0.500523 0.499745 1 2 0.833994 0.166006 0 1
2 0.522169 0.504054 0.833333 2 0.831198 -0.179481 0.166667 1
2 0.650732 0.476293 0.694444 2 0.849785 -0.0311251 0.138889 1
2 0.708074 0.474193 0.578704 2 0.657631 -0.539097 0.115741 1
2 0.737366 0.450181 0.482253 2 0.834018 -0.165883 0.0964506 1
2 0.889816 0.419859 0.401878 2 0.286854 -0.800511 0.0803755 1
2 0.891125 0.416206 0.334898 2 -0.3164 -0.7893 0.0669796 1
3 0.503377 0.499229 1 3 -0.367249 -0.632751 0 1
3 0.487188 0.471335 0.833333 3 -0.371004 0.630557 0.166667 1
3 0.486979 0.471691 0.694444 3 0.706471 0.190118 0.138889 1
3 0.567556 0.493375 0.578704 3 0.705484 -0.193746 0.115741 1
3 0.598707 0.484821 0.482253 3 -0.200328 -0.703644 0.0964506 1
3 0.591103 0.458114 0.401878 3 -0.536772 -0.497113 0.0803755 1
3 0.530365 0.401863 0.334898 3 -0.720553 0.126688 0.0669796 1
3 0.491563 0.408685 0.279082 3 -0.375923 -0.627637 0.0558163 1
3 0.471075 0.374478 0.232568 3 -0.717569 0.142621 0.0465136 1
3 0.386336 0.39132 0.193807 3 -0.591362 -0.43074 0.0387613 1
3 0.373755 0.382156 0.161506 3 -0.328634 -0.65364 0.0323011 1
3 0.325287 0.285755 0.134588 3 -0.596636 -0.423404 0.0269176 1
3 0.320967 0.28269 0.112157 3 -0.490371 0.542938 0.0224313 1
3 0.265061 0.344588 0.0934639 3 -0.0336019 -0.730833 0.0186928 1
3 0.264513 0.33267 0.0778866 3 0.0162333 -0.731425 0.0155773 1
3 0.264934 0.313713 0.0649055 3 0.56939 0.459392 0.0129811 1
3 0.280217 0.326043 0.0540879 3 -0.16593 0.71254 0.0108176 1
3 0.269897 0.370358 0.0450732 3 -0.0284499 0.731051 0.00901465 1
3 0.262653 0.55651 0.037561 3 -0.282611 0.674816 0.00751221 1
3 0.244229 0.600501 0.0313009 3 0.283204 0.674568 0.00626017 1
3 0.256186 0.628982 0.0260841 3 0.577995 -0.448516 0.00521681 1
3 0.278884 0.61137 0.0217367 3 -0.196138 -0.704823 0.00434734 1
3 0.26863 0.574523 0.0181139 3 -0.717486 -0.143038 0.00362279 1
3 0.237486 0.568314 0.0150949 3 -0.270109 -0.679917 0.00301899 1
3 0.222202 0.529841 0.0125791 3 -0.0816089 -0.727039 0.00251582 1
3 0.208276 0.405778 0.0104826 3 0.649413 -0.336911 0.00209652 1
3 0.242989 0.387769 0.0087355 3 0.183611 0.70819 0.0017471 1
3 0.269888 0.49152 0.00727958 3 0.355965 0.639167 0.00145592 1
3 0.280864 0.511228 0.00606632 3 -0.186518 0.70743 0.00121326 1
3 0.264981 0.571471 0.00505526 3 0.170539 0.711451 0.00101105 1
3 0.295053 0.696924 0.00421272 3 0.585114 0.439189 0.000842544 1
3 0.307014 0.705902 0.0035106 3 0.73138 -0.0181579 0.00070212 1
3 0.434801 0.70273 0.0029255 3 0.626916 -0.377124 0.0005851 1
3 0.46308 0.685718 0.00243792 3 0.519348 0.51529 0.000487583 1
3 0.536978 0.759038 0.0020316 3 0.660239 0.315166 0.000406319 1
3 0.579618 0.779392 0.001693 3 -0.699415 -0.214628 0.0003386 1
3 0.514357 0.759366 0.00141083 3 0.54165 -0.491794 0.000282166 1
3 0.531373 0.743917 0.00117569 3 0.197629 -0.704406 0.000235139 1
3 0.550245 0.676649 0.000979744 3 0.332967 -0.651444 0.000195949 1
3 0.573961 0.630249 0.000816453 3 0.00869997 -0.731553 0.000163291 1
3 0.574582 0.578082 0.000680378 3 -0.545844 0.487134 0.000136076 1
3 0.472797 0.66892 0.000566982 3 -0.620169 0.388118 0.000113396 1
3 0.468582 0.671557 0.000472485 3 -0.227991 -0.695173 9.44969e-05 1
3 0.461027 0.648522 0.000393737 3 -0.549318 0.483214 7.87474e-05 1
3 0.394792 0.706786 0.000328114 3 -0.468152 -0.56221 6.56229e-05 1
3 0.308699 0.603396 0.000273429 3 -0.40264 -0.610841 5.46857e-05 1
3 0.258103 0.526637 0.000227857 3 -0.731495 -0.0127003 4.55714e-05 1
3 0.190899 0.525471 0.000189881 3 -0.343801 0.645792 3.79762e-05 1
3 0.152797 0.597041 0.000158234 3 -0.332786 0.651536 3.16468e-05 1
3 0.150492 0.601553 0.000131862 3 -0.468317 0.562072 2.63724e-05 1
3 0.135408 0.619657 0.000109885 3 0.519158 0.515481 2.1977e-05 1
3 0.140836 0.625047 9.15707e-05 3 0.372318 0.629782 1.83141e-05 1
4 0.501383 0.50366 1 4 0.353627 0.646373 0 1
4 0.530278 0.556476 0.833333 4 -0.449355 0.583892 0.166667 1
4 0.506499 0.587374 0.694444 4 -0.704995 0.214084 0.138889 1
4 0.448982 0.60484 0.578704 4 -0.666644 -0.313746 0.115741 1
4 0.305795 0.537451 0.482253 4 -0.697273 0.238035 0.0964506 1
4 0.269609 0.549804 0.401878 4 -0.481357 -0.557804 0.0803755 1
4 0.202406 0.471928 0.334898 4 0.21023 -0.706154 0.0669796 1
4 0.204193 0.465924 0.279082 4 0.687357 0.265312 0.0558163 1
4 0.231273 0.476376 0.232568 4 -0.488599 0.551472 0.0465136 1
4 0.160613 0.556129 0.193807 4 -0.240932 0.696277 0.0387613 1
4 0.160193 0.557343 0.161506 4 -0.684672 0.272167 0.0323011 1
4 0.137814 0.566239 0.134588 4 -0.72879 0.108235 0.0269176 1
4 0.106336 0.570914 0.112157 4 -0.200322 0.709028 0.0224313 1
5 0.495269 0.504138 1 5 -0.300596 -0.699404 0 1
5 0.464125 0.431674 0.833333 5 0.107982 -0.753568 0.166667 1
5 0.466156 0.417498 0.694444 5 -0.135791 -0.749056 0.138889 1
5 0.446317 0.308059 0.578704 5 0.754892 0.0982968 0.115741 1
5 0.556313 0.322382 0.482253 5 -0.740286 0.177484 0.0964506 1
5 0.548451 0.324267 0.401878 5 -0.283251 0.706607 0.0803755 1
5 0.54095 0.342981 0.334898 5 -0.620113 -0.441571 0.0669796 1
5 0.481698 0.300789 0.279082 5 -0.0863598 -0.756351 0.0558163 1
5 0.476373 0.254159 0.232568 5 -0.741974 0.170292 0.0465136 1
5 0.445693 0.261201 0.193807 5 0.11755 -0.752134 0.0387613 1
5 0.454338 0.205884 0.161506 5 0.688531 -0.324729 0.0323011 1
5 0.548744 0.16136 0.134588 5 0.00639838 -0.761238 0.0269176 1
5 0.549111 0.117687 0.112157 5 -0.719286 0.249302 0.0224313 1
5 0.461578 0.148025 0.0934639 5 -0.519761 -0.556212 0.0186928 1
5 0.423584 0.107367 0.0778866 5 0.347598 -0.677274 0.0155773 1
6 0.51107 0.491952 1 6 0.58226 0.41774 0 1
6 0.525508 0.50231 0.833333 6 0.427196 0.575358 0.166667 1
6 0.530137 0.508545 0.694444 6 0.179565 0.693751 0.138889 1
6 0.543481 0.560099 0.578704 6 0.702596 0.141042 0.115741 1
6 0.662506 0.583993 0.482253 6 -0.216577 -0.683102 0.0964506 1
6 0.639129 0.510258 0.401878 6 -0.654737 -0.291295 0.0803755 1
6 0.626955 0.504842 0.334898 6 -0.0447187 0.715216 0.0669796 1
6 0.621844 0.586579 0.279082 6 0.141913 0.70242 0.0558163 1
6 0.639393 0.673441 0.232568 6 0.27648 0.661129 0.0465136 1
6 0.654219 0.708893 0.193807 6 -0.442081 0.564001 0.0387613 1
6 0.62774 0.742676 0.161506 6 -0.690171 -0.192866 0.0323011 1
6 0.546457 0.719961 0.134588 6 -0.703256 -0.13771 0.0269176 1
6 0.543788 0.719439 0.112157 6 -0.311484 -0.645377 0.0224313 1
6 0.525459 0.681463 0.0934639 6 -0.684535 -0.212004 0.0186928 1
6 0.506934 0.675725 0.0778866 6 -0.373274 0.611719 0.0155773 1
6 0.49577 0.694021 0.0649055 6 -0.564949 0.440869 0.0129811 1
6 0.488585 0.699628 0.0540879 6 -0.679644 0.227194 0.0108176 1
6 0.486716 0.700253 0.0450732 6 -0.404257 0.591701 0.00901465 1
6 0.482204 0.706856 0.037561 6 -0.227946 0.679392 0.00751221 1
6 0.443606 0.821897 0.0313009 6 -0.633432 0.335107 0.00626017 1
6 0.374952 0.858217 0.0260841 6 -0.656373 -0.28759 0.00521681 1
6 0.331554 0.839202 0.0217367 6 -0.416389 -0.583227 0.00434734 1
6 0.29742 0.791392 0.0181139 6 -0.716503 -0.0125112 0.00362279 1
6 0.224628 0.790121 0.0150949 6 0.301404 0.650145 0.00301899 1
7 0.505689 0.507944 1 7 -0.755729 0.244271 0 1
7 0.494474 0.511568 0.833333 7 -0.660532 -0.441013 0.166667 1
7 0.456294 0.486077 0.694444 7 -0.517979 0.602073 0.138889 1
7 0.4482 0.495485 0.578704 7 0.793467 0.0347136 0.115741 1
7 0.601472 0.502191 0.482253 7 0.701725 0.371991 0.0964506 1
7 0.739762 0.575499 0.401878 7 -0.595435 0.525597 0.0803755 1
7 0.697017 0.613231 0.334898 7 -0.680088 -0.410214 0.0669796 1
7 0.636247 0.576575 0.279082 7 -0.547688 -0.575181 0.0558163 1
7 0.447919 0.378794 0.232568 7 0.573171 -0.549791 0.0465136 1
7 0.557556 0.27363 0.193807 7 0.673536 -0.420885 0.0387613 1
7 0.605333 0.243774 0.161506 7 0.735547 0.29961 0.0323011 1
7 0.633746 0.255348 0.134588 7 0.371832 0.701809 0.0269176 1
7 0.69414 0.369339 0.112157 7 0.782971 0.133238 0.0224313 1
7 0.747453 0.378411 0.0934639 7 0.559366 0.563831 0.0186928 1
7 0.764351 0.395443 0.0778866 7 -0.129031 0.783675 0.0155773 1
7 0.764261 0.39599 0.0649055 7 -0.772461 -0.184661 0.0129811 1
7 0.760566 0.395107 0.0540879 7 -0.443307 0.658995 0.0108176 1
7 0.624998 0.596633 0.0450732 7 -0.617481 0.499512 0.00901465 1
7 0.551213 0.656322 0.037561 7 -0.791527 -0.0654193 0.00751221 1
7 0.465869 0.649269 0.0313009 7 -0.631035 -0.482276 0.00626017 1
7 0.428825 0.620958 0.0260841 7 -0.535591 -0.586462 0.00521681 1
7 0.251835 0.427157 0.0217367 7 0.1668 -0.776513 0.00434734 1
7 0.294074 0.230523 0.0181139 7 0.0563386 -0.792225 0.00362279 1
7 0.296535 0.19592 0.0150949 7 -0.345653 -0.715066 0.00301899 1
7 0.281549 0.164919 0.0125791 7 -0.277512 -0.744165 0.00251582 1

