1 0.503569 0.495348 1 1 0.772681 0.227319 0 1
1 0.611819 0.527194 0.833333 1 -0.668839 0.448737 0.166667 1
1 0.607752 0.529922 0.694444 1 -0.180068 0.785039 0.138889 1
1 0.601936 0.555281 0.578704 1 0.228692 0.772276 0.115741 1
1 0.629188 0.647309 0.482253 1 -0.728552 0.343398 0.0964506 1
1 0.608596 0.657015 0.401878 1 -0.419626 0.687477 0.0803755 1
1 0.605966 0.661323 0.334898 1 -0.606338 0.530156 0.0669796 1
1 0.59481 0.671077 0.279082 1 -0.052012 0.803744 0.0558163 1
1 0.594222 0.680166 0.232568 1 -0.615777 0.519161 0.0465136 1
1 0.553989 0.714086 0.193807 1 -0.739593 -0.318923 0.0387613 1
1 0.503272 0.692216 0.161506 1 -0.454611 -0.66486 0.0323011 1
1 0.473207 0.648246 0.134588 1 -0.8054 -0.00640286 0.0269176 1
1 0.445877 0.648029 0.112157 1 -0.11442 -0.797257 0.0224313 1
1 0.443194 0.629333 0.0934639 1 -0.510935 -0.62262 0.0186928 1
1 0.18808 0.318454 0.0778866 1 -0.622069 -0.511605 0.0155773 1
1 0.17451 0.307294 0.0649055 1 0.300281 0.747356 0.0129811 1
1 0.257172 0.513028 0.0540879 1 0.79513 0.128367 0.0108176 1
1 0.267316 0.514666 0.0450732 1 0.757531 0.273599 0.00901465 1
1 0.357858 0.547367 0.037561 1 0.580089 0.558754 0.00751221 1
1 0.371051 0.560075 0.0313009 1 -0.397331 0.700599 0.00626017 1
1 0.352984 0.591932 0.0260841 1 -0.692732 0.410892 0.00521681 1
1 0.15806 0.707551 0.0217367 1 -0.526098 0.609861 0.00434734 1
2 0.499866 0.500223 1 2 -0.457389 -0.542611 0 1
2 0.476047 0.471966 0.833333 2 -0.667656 -0.240555 0.166667 1
2 0.456525 0.464932 0.694444 2 -0.484981 -0.518098 0.138889 1
2 0.434897 0.441828 0.578704 2 -0.691215 -0.160789 0.115741 1
2 0.42872 0.440391 0.482253 2 -0.699984 0.116852 0.0964506 1
2 0.268543 0.46713 0.401878 2 -0.637632 0.311539 0.0803755 1
2 0.240626 0.48077 0.334898 2 -0.210566 0.677712 0.0669796 1
2 0.209397 0.58128 0.279082 2 0.121183 0.699247 0.0558163 1
2 0.220465 0.645142 0.232568 2 0.507477 0.496084 0.0465136 1
2 0.255571 0.67946 0.193807 2 0.701444 0.107742 0.0387613 1
2 0.306852 0.687337 0.161506 2 0.687025 -0.177843 0.0323011 1
2 0.323127 0.683123 0.134588 2 0.659123 -0.263038 0.0269176 1
2 0.328614 0.680934 0.112157 2 0.393886 0.590326 0.0224313 1
2 0.340647 0.698968 0.0934639 2 0.128677 0.697907 0.0186928 1
2 0.351432 0.75746 0.0778866 2 0.696821 0.13443 0.0155773 1
2 0.38971 0.764844 0.0649055 2 0.627267 -0.331916 0.0129811 1
2 0.453457 0.731113 0.0540879 2 0.0388337 -0.708607 0.0108176 1
2 0.454693 0.708547 0.0450732 2 -0.443667 0.553887 0.00901465 1
2 0.360216 0.826495 0.037561 2 -0.708908 -0.0328783 0.00751221 1
2 0.262649 0.82197 0.0313009 2 -0.614111 -0.355667 0.00626017 1
3 0.501121 0.506006 1 3 -0.877189 -0.122811 0 1
3 0.486871 0.504011 0.833333 3 0.841976 -0.27499 0.166667 1
3 0.522668 0.49232 0.694444 3 0.417337 -0.781264 0.138889 1
3 0.550505 0.440209 0.578704 3 0.885744 -0.000568021 0.115741 1
3 0.680233 0.440126 0.482253 3 0.44973 -0.763077 0.0964506 1
3 0.682896 0.435607 0.401878 3 -0.396579 -0.792003 0.0803755 1
3 0.654255 0.37841 0.334898 3 0.730633 -0.500717 0.0669796 1
3 0.656959 0.376558 0.279082 3 0.417392 -0.781234 0.0558163 1
3 0.659162 0.372434 0.232568 3 -0.758249 -0.457822 0.0465136 1
3 0.590049 0.330704 0.193807 3 0.179685 -0.867327 0.0387613 1
3 0.600653 0.279522 0.161506 3 0.879003 0.109069 0.0323011 1
3 0.666512 0.287694 0.134588 3 0.148465 -0.873213 0.0269176 1
3 0.669439 0.270476 0.112157 3 0.885457 -0.0225494 0.0224313 1
3 0.824788 0.26652 0.0934639 3 0.622844 -0.629769 0.0186928 1
4 0.50089 0.499567 1 4 0.792139 -0.207861 0 1
4 0.593258 0.475329 0.833333 4 0.719519 0.39113 0.166667 1
4 0.602428 0.480314 0.694444 4 0.802269 0.164486 0.138889 1
4 0.622638 0.484458 0.578704 4 -0.00510016 -0.818941 0.115741 1
4 0.62263 0.483155 0.482253 4 -0.497814 -0.650286 0.0964506 1
4 0.555174 0.395039 0.401878 4 0.27236 -0.772341 0.0803755 1
4 0.571899 0.34761 0.334898 4 0.78621 0.229267 0.0669796 1
4 0.633195 0.365484 0.279082 4 0.44365 0.688379 0.0558163 1
4 0.641829 0.37888 0.232568 4 0.677372 0.460279 0.0465136 1
4 0.703202 0.420584 0.193807 4 0.473316 0.668328 0.0387613 1
4 0.779686 0.528581 0.161506 4 0.814174 0.0883852 0.0323011 1
4 0.860096 0.53731 0.134588 4 0.389401 0.720456 0.0269176 1
4 0.862878 0.542457 0.112157 4 -0.203754 0.793205 0.0224313 1
4 0.836064 0.646843 0.0934639 4 -0.280458 0.769437 0.0186928 1
4 0.835172 0.649289 0.0778866 4 -0.81697 -0.0570181 0.0155773 1
4 0.67856 0.638359 0.0649055 4 -0.687333 -0.445268 0.0129811 1
4 0.648416 0.618831 0.0540879 4 -0.630951 0.522103 0.0108176 1
4 0.645162 0.621524 0.0450732 4 -0.814904 -0.0813749 0.00901465 1
4 0.638727 0.620881 0.037561 4 -0.149428 0.805209 0.00751221 1
4 0.630839 0.663383 0.0313009 4 0.153082 0.804523 0.00626017 1
4 0.632273 0.670917 0.0260841 4 -0.805865 0.145848 0.00521681 1
4 0.559561 0.684077 0.0217367 4 -0.693054 0.43631 0.00434734 1
4 0.536402 0.698657 0.0181139 4 -0.655976 -0.490292 0.00362279 1
4 0.379304 0.581239 0.0150949 4 0.772085 -0.273084 0.00301899 1
4 0.475905 0.547071 0.0125791 4 0.704752 0.417152 0.00251582 1
4 0.520998 0.573762 0.0104826 4 0.141039 0.806721 0.00209652 1
4 0.533127 0.643138 0.0087355 4 -0.622268 0.532422 0.0017471 1
4 0.531207 0.644781 0.00727958 4 -0.816758 0.0599792 0.00145592 1
4 0.525508 0.6452 0.00606632 4 -0.465521 -0.673781 0.00121326 1
4 0.495747 0.602125 0.00505526 4 -0.746369 0.33708 0.00101105 1
4 0.416009 0.638136 0.00421272 4 -0.695755 0.43199 0.000842544 1
4 0.403472 0.64592 0.0035106 4 -0.206789 0.792419 0.00070212 1
4 0.397379 0.669267 0.0029255 4 -0.414044 0.706582 0.0005851 1
4 0.39496 0.673396 0.00243792 4 -0.813398 0.0952602 0.000487583 1
4 0.353399 0.678263 0.0020316 4 0.486605 0.658716 0.000406319 1
4 0.388637 0.725965 0.001693 4 0.767434 -0.285895 0.0003386 1
4 0.389516 0.725637 0.00141083 4 0.814963 0.080778 0.000282166 1
4 0.542823 0.740833 0.00117569 4 0.596271 -0.561384 0.000235139 1
4 0.600258 0.686758 0.000979744 4 0.818817 0.0151499 0.000195949 1
4 0.656685 0.687802 0.000816453 4 -0.64397 0.505957 0.000163291 1
4 0.587129 0.74245 0.000680378 4 0.283506 0.768319 0.000136076 1
4 0.587883 0.744494 0.000566982 4 0.811466 0.110516 0.000113396 1
4 0.624133 0.749431 0.000472485 4 -0.099638 0.812873 9.44969e-05 1
4 0.617472 0.803775 0.000393737 4 -0.42724 0.698682 7.87474e-05 1
4 0.561543 0.895237 0.000328114 4 0.0290196 0.818443 6.56229e-05 1
5 0.506965 0.512216 1 5 0.306198 0.693802 0 1
5 0.509838 0.518726 0.833333 5 -0.171211 0.738786 0.166667 1
5 0.502972 0.548354 0.694444 5 -0.298889 0.696982 0.138889 1
5 0.48603 0.587861 0.578704 5 0.749397 0.116289 0.115741 1
5 0.654826 0.614054 0.482253 5 0.273681 0.70726 0.0964506 1
5 0.662392 0.633606 0.401878 5 0.608315 0.452849 0.0803755 1
5 0.662659 0.633804 0.334898 5 -0.758349 -0.0050398 0.0669796 1
5 0.648292 0.633709 0.279082 5 0.465211 0.598914 0.0558163 1
5 0.748119 0.762227 0.232568 5 -0.758356 0.00393044 0.0465136 1
5 0.693699 0.762509 0.193807 5 -0.51609 0.555671 0.0387613 1
5 0.658023 0.80092 0.161506 5 -0.526839 -0.54549 0.0323011 1
5 0.426468 0.561168 0.134588 5 -0.118906 -0.748986 0.0269176 1
5 0.425479 0.554941 0.112157 5 0.752208 0.0964431 0.0224313 1
5 0.533398 0.568778 0.0934639 5 0.649039 -0.392258 0.0186928 1
5 0.65588 0.494754 0.0778866 5 0.609232 -0.451613 0.0155773 1
5 0.698133 0.463432 0.0649055 5 0.380318 0.656107 0.0129811 1
5 0.716483 0.495088 0.0540879 5 0.522217 0.549916 0.0108176 1
5 0.722557 0.501484 0.0450732 5 0.240066 0.719366 0.00901465 1
5 0.724406 0.507025 0.037561 5 0.00847018 0.758318 0.00751221 1
5 0.724844 0.546242 0.0313009 5 0.600151 0.463614 0.00626017 1
5 0.732555 0.552199 0.0260841 5 0.260185 0.712336 0.00521681 1
5 0.754977 0.613584 0.0217367 5 0.634441 -0.415455 0.00434734 1
5 0.778697 0.598051 0.0181139 5 -0.738133 -0.174007 0.00362279 1
5 0.698758 0.579207 0.0150949 5 -0.758086 0.0206019 0.00301899 1
5 0.697969 0.579228 0.0125791 5 -0.23654 0.720533 0.00251582 1
5 0.627007 0.795387 0.0104826 5 -0.75695 0.0463239 0.00209652 1
5 0.574362 0.798609 0.0087355 5 0.703259 0.283804 0.0017471 1
5 0.643585 0.826544 0.00727958 5 0.617181 -0.440688 0.00145592 1
5 0.658915 0.815598 0.00606632 5 -0.299429 -0.69675 0.00121326 1
5 0.63556 0.761251 0.00505526 5 0.534777 -0.53771 0.00101105 1
5 0.708368 0.688044 0.00421272 5 0.572201 -0.4977 0.000842544 1
5 0.764721 0.639028 0.0035106 5 0.721115 -0.234757 0.00070212 1
5 0.802065 0.626871 0.0029255 5 0.390397 -0.65016 0.0005851 1
5 0.80494 0.622084 0.00243792 5 0.214214 -0.727483 0.000487583 1
5 0.823398 0.559397 0.0020316 5 0.643157 0.40183 0.000406319 1
5 0.852847 0.577796 0.001693 5 0.258351 0.713003 0.0003386 1
5 0.856175 0.586981 0.00141083 5 0.732136 0.197724 0.000282166 1
5 0.888388 0.59568 0.00117569 5 0.721221 -0.234432 0.000235139 1
6 0.497903 0.501083 1 6 -0.0938694 -0.906131 0 1
6 0.496904 0.491435 0.833333 6 -0.882689 -0.225264 0.166667 1
6 0.469298 0.48439 0.694444 6 -0.172955 -0.894411 0.138889 1
6 0.453095 0.4006 0.578704 6 0.60805 -0.67835 0.115741 1
6 0.591561 0.246126 0.482253 6 0.905698 0.09796 0.0964506 1
6 0.611997 0.248336 0.401878 6 0.91044 -0.0313535 0.0803755 1
6 0.617595 0.248143 0.334898 6 0.87902 -0.23918 0.0669796 1
6 0.638898 0.242347 0.279082 6 0.871958 0.263769 0.0558163 1
6 0.661213 0.249097 0.232568 6 0.903972 0.112776 0.0465136 1
6 0.705922 0.254675 0.193807 6 0.813199 -0.410599 0.0387613 1
6 0.706316 0.254476 0.161506 6 0.252995 0.875144 0.0323011 1
6 0.706905 0.256513 0.134588 6 -0.354184 0.839308 0.0269176 1
6 0.700826 0.270919 0.112157 6 -0.381208 -0.827384 0.0224313 1
6 0.673742 0.212136 0.0934639 6 0.403664 -0.816664 0.0186928 1
6 0.678739 0.202027 0.0778866 6 0.782558 -0.466355 0.0155773 1
6 0.68823 0.196371 0.0649055 6 0.851485 0.323817 0.0129811 1
6 0.715468 0.206729 0.0540879 6 0.149247 0.898671 0.0108176 1
6 0.759749 0.473362 0.0450732 6 -0.230229 0.881407 0.00901465 1
6 0.758686 0.477432 0.037561 6 -0.904311 0.110024 0.00751221 1
6 0.729462 0.480988 0.0313009 6 -0.561791 0.71713 0.00626017 1
6 0.70132 0.51691 0.0260841 6 -0.751733 -0.51457 0.00521681 1
6 0.678659 0.501399 0.0217367 6 -0.710495 0.570158 0.00434734 1
6 0.564456 0.593045 0.0181139 6 -0.902865 -0.121323 0.00362279 1
6 0.496516 0.583915 0.0150949 6 -0.72673 -0.549316 0.00301899 1
6 0.485701 0.575741 0.0125791 6 0.270377 -0.869931 0.00251582 1
6 0.518827 0.46916 0.0104826 6 0.89601 -0.16447 0.00209652 1
6 0.539564 0.465353 0.0087355 6 0.648182 -0.640112 0.0017471 1
6 0.568498 0.43678 0.00727958 6 0.68906 -0.595887 0.00145592 1
6 0.583908 0.423453 0.00606632 6 -0.781704 -0.467785 0.00121326 1
6 0.582371 0.422534 0.00505526 6 -0.0281631 -0.910544 0.00101105 1
6 0.581648 0.399137 0.00421272 6 0.452278 -0.790777 0.000842544 1
6 0.599666 0.367634 0.0035106 6 0.910453 -0.0309872 0.00070212 1
6 0.706726 0.36399 0.0029255 6 0.643359 0.64496 0.0005851 1
6 0.733181 0.390511 0.00243792 6 -0.909242 0.0562379 0.000487583 1
6 0.677103 0.393979 0.0020316 6 -0.715207 -0.564237 0.000406319 1
6 0.663246 0.383047 0.001693 6 -0.899512 -0.144091 0.0003386 1
6 0.495194 0.356127 0.00141083 6 -0.120845 0.902929 0.000282166 1
6 0.487998 0.409899 0.00117569 6 0.897672 0.15514 0.000235139 1
6 0.652359 0.438304 0.000979744 6 0.0192726 -0.910776 0.000195949 1
6 0.654546 0.334985 0.000816453 6 -0.870733 0.267783 0.000163291 1
6 0.571548 0.36051 0.000680378 6 -0.869536 -0.271644 0.000136076 1
6 0.474488 0.330188 0.000566982 6 -0.458735 -0.787049 0.000113396 1
6 0.467143 0.317587 0.000472485 6 -0.0889134 -0.90663 9.44969e-05 1
6 0.466381 0.309814 0.000393737 6 -0.726503 -0.549616 7.87474e-05 1
6 0.35368 0.224553 0.000328114 6 -0.0978829 -0.905706 6.56229e-05 1
6 0.345135 0.145488 0.000273429 6 0.367531 -0.83355 5.46857e-05 1
6 0.352819 0.128062 0.000227857 6 0.8744 -0.255555 4.55714e-05 1
7 0.501527 0.499366 1 7 0.778653 -0.221347 0 1
7 0.522862 0.493301 0.833333 7 0.463896 0.663397 0.166667 1
7 0.582297 0.578297 0.694444 7 0.741069 0.325749 0.138889 1
7 0.589808 0.581598 0.578704 7 0.664358 0.462519 0.115741 1
7 0.64877 0.622648 0.482253 7 0.564071 0.580619 0.0964506 1
7 0.684174 0.65909 0.401878 7 0.651438 0.480545 0.0803755 1
7 0.700985 0.671491 0.334898 7 0.801757 -0.111719 0.0669796 1
7 0.748366 0.664888 0.279082 7 -0.303115 0.750611 0.0558163 1
7 0.739448 0.686972 0.232568 7 0.808534 -0.0396043 0.0465136 1
7 0.748495 0.686529 0.193807 7 0.756834 0.287224 0.0387613 1
7 0.809048 0.709509 0.161506 7 0.483233 0.649447 0.0323011 1
7 0.825815 0.732044 0.134588 7 -0.650317 0.482062 0.0269176 1

