1 0.499851 0.500023 1 1 -0.275818 0.96121 0 1
1 0.495641 0.514695 0.2 1 -0.306815 0.951769 0.8 1
1 0.488567 0.536639 0.04 1 -0.267674 0.96351 0.16 1
1 0.486604 0.543707 0.008 1 -0.279058 0.960274 0.032 1
1 0.484497 0.550957 0.0016 1 -0.303655 0.952782 0.0064 1
1 0.475819 0.578184 0.00032 1 -0.306337 0.951923 0.00128 1
1 0.465261 0.610993 6.4e-05 1 -0.347218 0.937785 0.000256 1
2 0.499942 0.500173 1 2 0.733707 0.679466 0 1
2 0.513228 0.512477 0.2 2 0.792262 0.610181 0.8 1
2 0.536564 0.53045 0.04 2 0.782068 0.623194 0.16 1
2 0.541104 0.534068 0.008 2 0.790381 0.612616 0.032 1
2 0.548439 0.539753 0.0016 2 0.798252 0.602324 0.0064 1
2 0.562883 0.550651 0.00032 2 0.783883 0.620909 0.00128 1
2 0.566023 0.553139 6.4e-05 2 0.760794 0.648994 0.000256 1
3 0.499155 0.499899 1 3 -0.859772 0.510678 0 1
3 0.415504 0.549585 0.2 3 -0.811335 0.584581 0.8 1
3 0.412087 0.552047 0.04 3 -0.795983 0.605319 0.16 1
3 0.390181 0.568706 0.008 3 -0.788551 0.614969 0.032 1
3 0.389771 0.569026 0.0016 3 -0.777407 0.628998 0.0064 1
3 0.389308 0.5694 0.00032 3 -0.396356 -0.918097 0.00128 1
3 0.387308 0.564768 6.4e-05 3 -0.344038 -0.938956 0.000256 1
4 0.500385 0.499917 1 4 -0.658776 0.752339 0 1
4 0.489012 0.512905 0.2 4 -0.651842 0.758355 0.8 1
4 0.487927 0.514167 0.04 4 -0.624837 0.780755 0.16 1
4 0.482444 0.521019 0.008 4 -0.615136 0.788421 0.032 1
4 0.474567 0.531115 0.0016 4 -0.552271 0.833665 0.0064 1
4 0.462501 0.549328 0.00032 4 -0.805727 0.592288 0.00128 1
4 0.458095 0.552567 6.4e-05 4 -0.817328 0.576173 0.000256 1
5 0.499846 0.500094 1 5 0.380307 0.92486 0 1
5 0.52138 0.55246 0.2 5 0.406632 0.913592 0.8 1
5 0.521811 0.55343 0.04 5 0.398553 0.917145 0.16 1
5 0.52467 0.560009 0.008 5 0.177627 0.984098 0.032 1
5 0.52609 0.567876 0.0016 5 0.131952 0.991256 0.0064 1
5 0.530473 0.600801 0.00032 5 0.189973 0.981789 0.00128 1
5 0.535275 0.625619 6.4e-05 5 0.171158 0.985244 0.000256 1
6 0.499734 0.499648 1 6 -0.915837 -0.40155 0 1
6 0.494862 0.497512 0.2 6 -0.988896 -0.148608 0.8 1
6 0.44105 0.489425 0.04 6 -0.99912 0.0419482 0.16 1
6 0.393463 0.491423 0.008 6 -0.997617 0.0690023 0.032 1
6 0.383085 0.492141 0.0016 6 -0.920425 0.390919 0.0064 1
6 0.377014 0.49472 0.00032 6 -0.916263 0.400576 0.00128 1
6 0.376541 0.494927 6.4e-05 6 -0.992082 0.125591 0.000256 1
7 0.499704 0.500084 1 7 0.981742 -0.19022 0 1
7 0.500217 0.499985 0.2 7 0.979055 -0.203597 0.8 1
7 0.547699 0.490111 0.04 7 0.981477 -0.191578 0.16 1
7 0.548282 0.489997 0.008 7 0.900736 -0.434368 0.032 1
7 0.569099 0.479958 0.0016 7 0.889091 -0.457731 0.0064 1
7 0.573735 0.477571 0.00032 7 0.885674 -0.464308 0.00128 1
7 0.588443 0.469861 6.4e-05 7 0.906227 -0.422791 0.000256 1

