1 0.499256 0.499542 1 1 0.994477 -0.104959 0 1
1 0.561058 0.493019 0.333333 1 0.995488 -0.0948826 0.666667 1
1 0.811155 0.469182 0.111111 1 0.995388 -0.0959359 0.222222 1
1 0.822064 0.46813 0.037037 1 0.999684 -0.0251292 0.0740741 1
1 0.829002 0.467956 0.0123457 1 0.999852 -0.0171868 0.0246914 1
1 0.845882 0.467666 0.00411523 1 0.99681 -0.0798096 0.00823045 1
1 0.854886 0.466945 0.00137174 1 0.994491 0.104826 0.00274348 1
1 0.869209 0.468455 0.000457247 1 0.993647 0.112541 0.000914495 1
1 0.873869 0.468982 0.000152416 1 0.993279 0.115744 0.000304832 1
1 0.899013 0.471912 5.08053e-05 1 -0.967269 0.253753 0.000101611 1
1 0.82571 0.491142 1.69351e-05 1 -0.975272 0.22101 3.38702e-05 1
2 0.49954 0.500546 1 2 0.55075 0.83467 0 1
2 0.49958 0.500607 0.333333 2 0.508264 0.861201 0.666667 1
2 0.500651 0.502422 0.111111 2 0.518664 0.854978 0.222222 1
2 0.510213 0.518183 0.037037 2 0.503136 0.864207 0.0740741 1
2 0.555668 0.59626 0.0123457 2 0.625384 0.780317 0.0246914 1
2 0.574781 0.620108 0.00411523 2 0.512698 0.858569 0.00823045 1
2 0.598584 0.659968 0.00137174 2 0.546907 0.837194 0.00274348 1
2 0.602545 0.666032 0.000457247 2 0.699612 0.714523 0.000914495 1
2 0.610191 0.673841 0.000152416 2 0.73222 0.681068 0.000304832 1
2 0.611992 0.675516 5.08053e-05 2 0.727938 0.685643 0.000101611 1
3 0.500475 0.500229 1 3 -0.81226 -0.583295 0 1
3 0.488688 0.491764 0.333333 3 -0.807134 -0.590368 0.666667 1
3 0.486734 0.490335 0.111111 3 0.0759407 -0.997112 0.222222 1
3 0.486992 0.486942 0.037037 3 -0.962102 0.272691 0.0740741 1
3 0.481612 0.488467 0.0123457 3 -0.985155 0.171669 0.0246914 1
3 0.465419 0.491288 0.00411523 3 -0.961647 0.274289 0.00823045 1
3 0.425531 0.502666 0.00137174 3 -0.974558 0.224134 0.00274348 1
3 0.416189 0.504814 0.000457247 3 -0.968414 0.249347 0.000914495 1
3 0.405702 0.507514 0.000152416 3 -0.954586 0.297935 0.000304832 1
3 0.394773 0.510926 5.08053e-05 3 -0.961305 0.275486 0.000101611 1
4 0.500861 0.500285 1 4 -0.270182 -0.962809 0 1
4 0.497035 0.486653 0.333333 4 -0.425455 -0.904979 0.666667 1
4 0.479101 0.448505 0.111111 4 -0.430711 -0.90249 0.222222 1
4 0.463886 0.416626 0.037037 4 -0.404196 -0.914673 0.0740741 1
4 0.454196 0.394698 0.0123457 4 -0.426249 -0.904606 0.0246914 1
4 0.419841 0.321786 0.00411523 4 -0.444165 -0.895945 0.00823045 1
4 0.378614 0.238625 0.00137174 4 -0.429561 -0.903038 0.00274348 1
4 0.362668 0.205105 0.000457247 4 -0.432143 -0.901805 0.000914495 1
4 0.352379 0.183633 0.000152416 4 -0.46709 -0.88421 0.000304832 1
4 0.340757 0.161633 5.08053e-05 4 -0.87207 -0.489381 0.000101611 1
5 0.500124 0.50056 1 5 0.998368 0.057115 0 1
5 0.507982 0.501009 0.333333 5 0.99873 -0.0503821 0.666667 1
5 0.51384 0.500714 0.111111 5 0.999348 -0.0361064 0.222222 1
5 0.515213 0.500664 0.037037 5 0.99355 -0.113393 0.0740741 1
5 0.563989 0.495097 0.0123457 5 0.985547 -0.169403 0.0246914 1
5 0.600681 0.488791 0.00411523 5 0.99471 -0.102726 0.00823045 1
5 0.623877 0.486395 0.00137174 5 0.949808 -0.312835 0.00274348 1
5 0.632404 0.483587 0.000457247 5 0.954372 -0.29862 0.000914495 1
5 0.636823 0.482204 0.000152416 5 0.959082 -0.283129 0.000304832 1
5 0.638559 0.481692 5.08053e-05 5 0.919529 -0.393021 0.000101611 1
6 0.500819 0.499469 1 6 0.990436 -0.137972 0 1
6 0.689206 0.473226 0.333333 6 0.992008 -0.126175 0.666667 1
6 0.696109 0.472348 0.111111 6 0.992958 -0.118464 0.222222 1
6 0.78906 0.461258 0.037037 6 0.985525 -0.169528 0.0740741 1
6 0.895901 0.44288 0.0123457 6 -0.993253 0.115968 0.0246914 1
6 0.869604 0.44595 0.00411523 6 -0.998007 0.063105 0.00823045 1
6 0.835673 0.448096 0.00137174 6 -0.863469 0.504402 0.00274348 1
6 0.818349 0.458215 0.000457247 6 -0.842563 0.538598 0.000914495 1
6 0.793752 0.473939 0.000152416 6 -0.791458 0.611224 0.000304832 1
6 0.720123 0.530801 5.08053e-05 6 -0.784513 0.620112 0.000101611 1
7 0.49993 0.500077 1 7 0.126177 -0.992008 0 1
7 0.500682 0.494164 0.333333 7 0.186174 -0.982517 0.666667 1
7 0.501279 0.491012 0.111111 7 0.322879 -0.94644 0.222222 1
7 0.520009 0.436108 0.037037 7 0.316717 -0.94852 0.0740741 1
7 0.521613 0.431306 0.0123457 7 0.771118 -0.636693 0.0246914 1
7 0.611187 0.357347 0.00411523 7 0.802174 -0.59709 0.00823045 1
7 0.620629 0.350319 0.00137174 7 0.791341 -0.611375 0.00274348 1
7 0.644057 0.332218 0.000457247 7 0.802151 -0.597121 0.000914495 1
7 0.646502 0.330398 0.000152416 7 0.822201 -0.569197 0.000304832 1
7 0.664939 0.317635 5.08053e-05 7 0.825513 -0.564382 0.000101611 1

