1 3.92957 5.92982 1 1 0.995474 -0.0950314 0 1
1 3.97219 5.92575 0.769231 1 0.984616 -0.174731 0.230769 1
1 3.99301 5.92206 0.591716 1 0.992468 -0.122502 0.177515 1
1 4.13481 5.90455 0.455166 1 0.995846 -0.0910578 0.13655 1
1 4.18364 5.90009 0.350128 1 0.991759 -0.128118 0.105038 1
1 4.26202 5.88996 0.269329 1 0.995251 -0.0973439 0.0807987 1
1 4.40779 5.87571 0.207176 1 0.993564 -0.113276 0.0621529 1
1 4.44679 5.87126 0.159366 1 0.989306 -0.145857 0.0478099 1
1 4.49366 5.86435 0.122589 1 0.988903 -0.148563 0.0367768 1
1 4.51592 5.86101 0.0942996 1 0.986722 -0.162421 0.0282899 1
1 4.54169 5.85676 0.0725382 1 0.9906 -0.136794 0.0217614 1
1 4.63148 5.84437 0.0557986 1 0.991063 -0.133394 0.0167396 1
1 4.73695 5.83017 0.042922 1 0.983687 -0.179887 0.0128766 1
1 4.75409 5.82704 0.0330169 1 0.987159 -0.15974 0.00990507 1
1 4.83024 5.81471 0.0253976 1 0.994679 -0.103019 0.00761929 1
1 4.96869 5.80037 0.0195366 1 0.995071 -0.0991635 0.00586099 1
1 5.03549 5.79372 0.0150282 1 0.97793 -0.208932 0.00450845 1
1 5.07977 5.78426 0.0115601 1 0.996718 -0.0809501 0.00346804 1
1 5.08775 5.78361 0.00889241 1 0.894309 -0.447451 0.00266772 1
1 5.14961 5.75266 0.00684032 1 0.885798 -0.464071 0.0020521 1
1 5.16195 5.7462 0.00526178 1 0.864001 -0.503491 0.00157853 1
1 5.18316 5.73384 0.00404753 1 0.84399 -0.536359 0.00121426 1
1 5.20785 5.71814 0.00311348 1 0.830096 -0.557621 0.000934044 1
1 5.34266 5.62759 0.00239499 1 0.822263 -0.569108 0.000718496 1
1 5.35187 5.62121 0.0018423 1 0.861011 -0.508586 0.000552689 1
1 5.55875 5.49901 0.00141715 1 0.882323 -0.470645 0.000425145 1
1 5.68302 5.43272 0.00109012 1 0.877717 -0.47918 0.000327035 1
1 5.71572 5.41487 0.000838551 1 0.887303 -0.461186 0.000251565 1
1 5.74266 5.40087 0.000645039 1 0.910978 -0.412456 0.000193512 1
1 5.78397 5.38216 0.000496184 1 0.893122 -0.449815 0.000148855 1
1 5.92373 5.31177 0.00038168 1 0.914731 -0.404063 0.000114504 1
1 5.97027 5.29122 0.0002936 1 0.89375 -0.448565 8.808e-05 1
1 6.14391 5.20407 0.000225846 1 0.93997 -0.341258 6.77539e-05 1
1 6.261 5.16156 0.000173728 1 0.92813 -0.372256 5.21183e-05 1
1 6.36429 5.12013 0.000133637 1 0.92438 -0.381474 4.0091e-05 1
1 6.40909 5.10164 0.000102798 1 0.930762 -0.365625 3.08393e-05 1
1 6.43886 5.08995 7.9075e-05 1 0.922682 -0.385562 2.37225e-05 1
2 3.98179 6.01136 1 2 -0.946943 0.321401 0 1
2 3.74774 6.0908 0.769231 2 -0.8216 0.570064 0.230769 1
2 3.60544 6.18953 0.591716 2 -0.840352 0.542041 0.177515 1
2 3.58394 6.2034 0.455166 2 -0.848836 0.528657 0.13655 1
2 3.5584 6.2193 0.350128 2 -0.823052 0.567966 0.105038 1
2 3.38547 6.33864 0.269329 2 -0.778247 0.627958 0.0807987 1
2 3.32918 6.38406 0.207176 2 -0.773139 0.634237 0.0621529 1
2 3.30716 6.40212 0.159366 2 -0.78455 0.620066 0.0478099 1
2 3.28802 6.41725 0.122589 2 -0.781587 0.623797 0.0367768 1
2 3.01901 6.63195 0.0942996 2 -0.809052 0.587737 0.0282899 1
2 2.96139 6.67381 0.0725382 2 -0.81764 0.575729 0.0217614 1
2 2.90575 6.71299 0.0557986 2 -0.796971 0.604018 0.0167396 1
2 2.88922 6.72552 0.042922 2 -0.781719 0.623631 0.0128766 1
2 2.88513 6.72878 0.0330169 2 -0.772002 0.63562 0.00990507 1
2 2.82484 6.77841 0.0253976 2 -0.749609 0.661881 0.00761929 1
2 2.76639 6.83002 0.0195366 2 -0.770305 0.637675 0.00586099 1
2 2.73429 6.8566 0.0150282 2 -0.546736 0.837305 0.00450845 1
2 2.72603 6.86925 0.0115601 2 -0.58581 0.810449 0.00346804 1
2 2.71241 6.88809 0.00889241 2 -0.602534 0.798093 0.00266772 1
2 2.69394 6.91255 0.00684032 2 -0.572561 0.819862 0.0020521 1
2 2.66954 6.9475 0.00526178 2 -0.665534 0.746368 0.00157853 1
2 2.66122 6.95683 0.00404753 2 -0.582901 0.812543 0.00121426 1
2 2.65644 6.9635 0.00311348 2 -0.592101 0.805864 0.000934044 1
2 2.5911 7.05242 0.00239499 2 -0.631253 0.775577 0.000718496 1
2 2.58595 7.05875 0.0018423 2 -0.605063 0.796178 0.000552689 1
2 2.53891 7.12064 0.00141715 2 -0.436812 0.899553 0.000425145 1
2 2.5228 7.15383 0.00109012 2 -0.496169 0.868226 0.000327035 1
2 2.47568 7.23627 0.000838551 2 -0.493587 0.869696 0.000251565 1
2 2.37916 7.40635 0.000645039 2 -0.583809 0.811891 0.000193512 1
2 2.36497 7.42608 0.000496184 2 -0.588194 0.80872 0.000148855 1
2 2.33639 7.46538 0.00038168 2 -0.620205 0.78444 0.000114504 1
2 2.25652 7.5664 0.0002936 2 -0.696632 0.717429 8.808e-05 1
2 2.20711 7.61728 0.000225846 2 -0.685282 0.728278 6.77539e-05 1
2 2.17915 7.647 0.000173728 2 -0.694796 0.719207 5.21183e-05 1
2 2.17576 7.6505 0.000133637 2 -0.680916 0.732361 4.0091e-05 1
2 2.15527 7.67254 0.000102798 2 -0.698842 0.715276 3.08393e-05 1
2 2.10416 7.72486 7.9075e-05 2 -0.617175 0.786826 2.37225e-05 1
3 4.03014 6.03663 1 3 -0.155303 0.987867 0 1
3 4.00933 6.16901 0.769231 3 -0.18036 0.983601 0.230769 1
3 3.99083 6.26988 0.591716 3 -0.148507 0.988911 0.177515 1
3 3.9902 6.27407 0.455166 3 -0.321001 0.947079 0.13655 1
3 3.95933 6.36515 0.350128 3 -0.174322 0.984689 0.105038 1
3 3.9457 6.44217 0.269329 3 -0.122278 0.992496 0.0807987 1
3 3.91042 6.72851 0.207176 3 -0.132219 0.991221 0.0621529 1
3 3.90991 6.73233 0.159366 3 -0.120162 0.992754 0.0478099 1
3 3.89666 6.84176 0.122589 3 -0.137698 0.990474 0.0367768 1
3 3.89323 6.86645 0.0942996 3 -0.0907644 0.995872 0.0282899 1
3 3.88575 6.94849 0.0725382 3 -0.106625 0.994299 0.0217614 1
3 3.88105 6.99234 0.0557986 3 -0.180067 0.983654 0.0167396 1
3 3.83997 7.21675 0.042922 3 -0.298697 0.954348 0.0128766 1
3 3.82329 7.27005 0.0330169 3 -0.27664 0.960974 0.00990507 1
3 3.81528 7.29788 0.0253976 3 -0.0392864 0.999228 0.00761929 1
3 3.81239 7.37124 0.0195366 3 -0.0161411 0.99987 0.00586099 1
3 3.81036 7.4972 0.0150282 3 -0.00680645 0.999977 0.00450845 1
3 3.80975 7.58691 0.0115601 3 -0.0679505 0.997689 0.00346804 1
3 3.80838 7.60705 0.00889241 3 -0.106924 0.994267 0.00266772 1
3 3.80247 7.66203 0.00684032 3 0.0230016 0.999735 0.0020521 1
3 3.80425 7.73947 0.00526178 3 0.0646984 0.997905 0.00157853 1
3 3.80503 7.75153 0.00404753 3 -0.142467 0.9898 0.00121426 1
3 3.79406 7.82772 0.00311348 3 -0.228443 0.973557 0.000934044 1
3 3.77597 7.90481 0.00239499 3 -0.202554 0.979271 0.000718496 1
3 3.74533 8.05294 0.0018423 3 -0.196562 0.980491 0.000552689 1
3 3.74488 8.05523 0.00141715 3 -0.183147 0.983086 0.000425145 1
3 3.74288 8.06593 0.00109012 3 -0.0807363 0.996735 0.000327035 1
3 3.73787 8.12774 0.000838551 3 -0.101962 0.994788 0.000251565 1
3 3.73586 8.14743 0.000645039 3 -0.0937265 0.995598 0.000193512 1
3 3.73456 8.16121 0.000496184 3 0.913474 0.406898 0.000148855 1
3 3.90308 8.23627 0.00038168 3 0.861122 0.508398 0.000114504 1
3 3.95608 8.26757 0.0002936 3 0.872245 0.489069 8.808e-05 1
3 3.97444 8.27786 0.000225846 3 0.862628 0.505839 6.77539e-05 1
3 3.97604 8.27879 0.000173728 3 0.870667 0.491873 5.21183e-05 1
3 4.01455 8.30056 0.000133637 3 0.772895 0.634534 4.0091e-05 1
3 4.01805 8.30343 0.000102798 3 0.733505 0.679684 3.08393e-05 1
3 4.02273 8.30776 7.9075e-05 3 0.726516 0.68715 2.37225e-05 1
4 3.98855 6.00101 1 4 -0.816325 0.577593 0 1
4 3.94512 6.03174 0.769231 4 -0.826529 0.562894 0.230769 1
4 3.8992 6.06301 0.591716 4 -0.871157 0.491005 0.177515 1
4 3.8945 6.06566 0.455166 4 -0.888533 0.458812 0.13655 1
4 3.82003 6.10411 0.350128 4 -0.879422 0.476042 0.105038 1
4 3.75447 6.1396 0.269329 4 -0.829021 0.559218 0.0807987 1
4 3.68667 6.18533 0.207176 4 -0.805998 0.591918 0.0621529 1
4 3.67911 6.19089 0.159366 4 -0.818619 0.574337 0.0478099 1
4 3.67889 6.19104 0.122589 4 -0.760422 0.64943 0.0367768 1
4 3.61037 6.24956 0.0942996 4 -0.761899 0.647696 0.0282899 1
4 3.59549 6.26221 0.0725382 4 -0.785424 0.618958 0.0217614 1
4 3.50035 6.33718 0.0557986 4 -0.768893 0.639377 0.0167396 1
4 3.32325 6.48446 0.042922 4 -0.886254 0.4632 0.0128766 1
4 3.25809 6.51851 0.0330169 4 -0.878094 0.478488 0.00990507 1
4 3.23062 6.53348 0.0253976 4 -0.914978 0.403504 0.00761929 1
4 3.16394 6.56289 0.0195366 4 -0.922719 0.385473 0.00586099 1
4 3.13561 6.57472 0.0150282 4 -0.923546 0.383487 0.00450845 1
4 3.05144 6.60967 0.0115601 4 -0.860344 0.509713 0.00346804 1
4 3.00831 6.63522 0.00889241 4 -0.855965 0.517035 0.00266772 1
4 2.76729 6.78081 0.00684032 4 -0.846099 0.533026 0.0020521 1
4 2.60253 6.8846 0.00526178 4 -0.851789 0.523886 0.00157853 1
4 2.54457 6.92025 0.00404753 4 -0.840065 0.542486 0.00121426 1
4 2.47987 6.96203 0.00311348 4 -0.821991 0.569501 0.000934044 1
4 2.43276 6.99467 0.00239499 4 -0.769668 0.638445 0.000718496 1
4 2.42037 7.00495 0.0018423 4 -0.741758 0.670668 0.000552689 1
4 2.4102 7.01415 0.00141715 4 -0.761087 0.64865 0.000425145 1
4 2.38627 7.03454 0.00109012 4 -0.780997 0.624534 0.000327035 1
4 2.35858 7.05668 0.000838551 4 -0.75359 0.657345 0.000251565 1
4 2.14507 7.24292 0.000645039 4 -0.812926 0.582367 0.000193512 1
4 2.09018 7.28224 0.000496184 4 -0.781351 0.624092 0.000148855 1
4 2.0462 7.31737 0.00038168 4 -0.771731 0.635949 0.000114504 1
4 2.0285 7.33196 0.0002936 4 -0.802975 0.596012 8.808e-05 1
4 2.02526 7.33437 0.000225846 4 -0.795997 0.6053 6.77539e-05 1
4 1.88007 7.44477 0.000173728 4 -0.771208 0.636583 5.21183e-05 1
4 1.8111 7.5017 0.000133637 4 -0.739783 0.672846 4.0091e-05 1
4 1.80533 7.50695 0.000102798 4 -0.849598 0.52743 3.08393e-05 1
4 1.76945 7.52923 7.9075e-05 4 -0.856855 0.515558 2.37225e-05 1
5 3.94692 6.02372 1 5 0.948297 -0.317385 0 1
5 3.96072 6.0191 0.769231 5 0.97013 -0.242587 0.230769 1
5 4.07785 5.98981 0.591716 5 0.963006 -0.269481 0.177515 1
5 4.19034 5.95833 0.455166 5 0.94965 -0.313313 0.13655 1
5 4.19282 5.95752 0.350128 5 0.941573 -0.336809 0.105038 1
5 4.22837 5.9448 0.269329 5 0.945523 -0.325555 0.0807987 1
5 4.24314 5.93971 0.207176 5 0.957194 -0.289447 0.0621529 1
5 4.35302 5.90649 0.159366 5 0.965619 -0.259963 0.0478099 1
5 4.4192 5.88867 0.122589 5 0.998299 0.0582938 0.0367768 1
5 4.47036 5.89166 0.0942996 5 0.997785 0.0665182 0.0282899 1
5 4.5146 5.89461 0.0725382 5 0.999484 0.0321289 0.0217614 1
5 4.54357 5.89554 0.0557986 5 0.996769 0.0803181 0.0167396 1
5 4.56851 5.89755 0.042922 5 0.999999 0.00144546 0.0128766 1
5 4.57654 5.89756 0.0330169 5 0.999813 0.0193463 0.00990507 1
5 4.61244 5.89825 0.0253976 5 1 -4.78379e-05 0.00761929 1
5 5.06722 5.89823 0.0195366 5 0.98884 -0.148981 0.00586099 1
5 5.08666 5.8953 0.0150282 5 0.996847 -0.0793478 0.00450845 1
5 5.14996 5.89026 0.0115601 5 0.99877 -0.0495903 0.00346804 1
5 5.25698 5.88495 0.00889241 5 0.999492 -0.0318654 0.00266772 1
5 5.40614 5.88019 0.00684032 5 0.999626 -0.0273484 0.0020521 1
5 5.65251 5.87345 0.00526178 5 0.998587 -0.0531376 0.00157853 1
5 5.77935 5.86671 0.00404753 5 0.975953 0.217982 0.00121426 1
5 5.78093 5.86706 0.00311348 5 0.968365 0.249538 0.000934044 1
5 6.15985 5.9647 0.00239499 5 0.971961 0.235142 0.000718496 1
5 6.20938 5.97668 0.0018423 5 0.975058 0.22195 0.000552689 1
5 6.41031 6.02242 0.00141715 5 0.986051 0.166446 0.000425145 1
5 6.43485 6.02656 0.00109012 5 0.999963 0.00858809 0.000327035 1
5 6.44498 6.02665 0.000838551 5 0.999655 -0.0262636 0.000251565 1
5 6.60466 6.02246 0.000645039 5 0.99219 0.124733 0.000193512 1
5 6.6686 6.03049 0.000496184 5 0.964449 0.264269 0.000148855 1
5 6.82255 6.07268 0.00038168 5 0.849974 0.526825 0.000114504 1
5 6.84411 6.08604 0.0002936 5 0.856008 0.516962 8.808e-05 1
5 6.87503 6.10471 0.000225846 5 0.867386 0.497635 6.77539e-05 1
5 7.04411 6.20172 0.000173728 5 0.855721 0.517438 5.21183e-05 1
5 7.06137 6.21216 0.000133637 5 0.862908 0.505361 4.0091e-05 1
5 7.15063 6.26443 0.000102798 5 0.869573 0.493804 3.08393e-05 1
5 7.16609 6.27321 7.9075e-05 5 0.884047 0.467398 2.37225e-05 1
6 3.94587 6.07243 1 6 -0.913268 -0.40736 0 1
6 3.92687 6.06395 0.769231 6 -0.933769 -0.357875 0.230769 1
6 3.91545 6.05958 0.591716 6 -0.932058 -0.36231 0.177515 1
6 3.87706 6.04465 0.455166 6 -0.920532 -0.390666 0.13655 1
6 3.7925 6.00876 0.350128 6 -0.899706 -0.436497 0.105038 1
6 3.68316 5.95572 0.269329 6 -0.914517 -0.404548 0.0807987 1
6 3.64957 5.94086 0.207176 6 -0.918371 -0.395721 0.0621529 1
6 3.64413 5.93851 0.159366 6 -0.909721 -0.415219 0.0478099 1
6 3.5981 5.91751 0.122589 6 -0.929837 -0.36797 0.0367768 1
6 3.51276 5.88373 0.0942996 6 -0.910323 -0.413898 0.0282899 1
6 3.50838 5.88175 0.0725382 6 -0.925434 -0.378908 0.0217614 1
6 3.32295 5.80582 0.0557986 6 -0.931024 -0.364959 0.0167396 1
6 3.29599 5.79525 0.042922 6 -0.940675 -0.339309 0.0128766 1
6 3.28633 5.79177 0.0330169 6 -0.949291 -0.314397 0.00990507 1
6 3.22268 5.77069 0.0253976 6 -0.973194 -0.229985 0.00761929 1
6 3.19679 5.76457 0.0195366 6 -0.968059 -0.250724 0.00586099 1
6 3.09357 5.73784 0.0150282 6 -0.999831 -0.0183676 0.00450845 1
6 2.90312 5.73434 0.0115601 6 -0.992912 -0.118851 0.00346804 1
6 2.88273 5.7319 0.00889241 6 -0.972285 -0.233798 0.00266772 1
6 2.74353 5.69842 0.00684032 6 -0.999875 -0.0158139 0.0020521 1
6 2.72566 5.69814 0.00526178 6 -0.999963 -0.00859823 0.00157853 1
6 2.68412 5.69778 0.00404753 6 -0.999812 0.0193994 0.00121426 1
6 2.47518 5.70184 0.00311348 6 -0.999539 0.0303608 0.000934044 1
6 2.4582 5.70235 0.00239499 6 -0.999807 0.0196272 0.000718496 1
6 2.33897 5.7047 0.0018423 6 -0.996386 0.084936 0.000552689 1
6 2.2226 5.71461 0.00141715 6 -0.999145 0.0413545 0.000425145 1
6 2.20929 5.71517 0.00109012 6 -0.981493 -0.191496 0.000327035 1
6 2.1225 5.69823 0.000838551 6 -0.993976 -0.1096 0.000251565 1
6 2.10637 5.69645 0.000645039 6 -0.99646 -0.0840661 0.000193512 1
6 2.02445 5.68954 0.000496184 6 -0.987649 -0.156681 0.000148855 1
6 1.97076 5.68103 0.00038168 6 -0.988661 -0.150168 0.000114504 1
6 1.83271 5.66006 0.0002936 6 -0.992766 -0.120064 8.808e-05 1
6 1.77558 5.65315 0.000225846 6 -0.990639 -0.136508 6.77539e-05 1
6 1.70676 5.64367 0.000173728 6 -0.879133 -0.476576 5.21183e-05 1
6 1.66747 5.62237 0.000133637 6 -0.873845 -0.486205 4.0091e-05 1
6 1.62096 5.59649 0.000102798 6 -0.835271 -0.549838 3.08393e-05 1
6 1.54595 5.54711 7.9075e-05 6 -0.842722 -0.538348 2.37225e-05 1
7 4.05163 6.00131 1 7 0.882709 0.469919 0 1
7 4.34303 6.15645 0.769231 7 0.900223 0.43543 0.230769 1
7 4.35753 6.16346 0.591716 7 0.925172 0.379547 0.177515 1
7 4.53216 6.2351 0.455166 7 0.998837 0.0482128 0.13655 1
7 4.53878 6.23542 0.350128 7 0.998348 0.0574553 0.105038 1
7 4.58904 6.23831 0.269329 7 0.999468 0.0326095 0.0807987 1
7 4.62373 6.23944 0.207176 7 0.999877 0.0156834 0.0621529 1
7 4.8367 6.24278 0.159366 7 0.999747 -0.0225093 0.0478099 1
7 4.86109 6.24224 0.122589 7 0.993029 -0.117868 0.0367768 1
7 4.88653 6.23922 0.0942996 7 0.988966 -0.148141 0.0282899 1
7 4.95202 6.22941 0.0725382 7 0.998394 -0.0566572 0.0217614 1
7 5.00268 6.22653 0.0557986 7 0.999364 -0.0356469 0.0167396 1
7 5.06413 6.22434 0.042922 7 0.997999 -0.0632297 0.0128766 1
7 5.0801 6.22333 0.0330169 7 0.989536 -0.144286 0.00990507 1
7 5.09456 6.22122 0.0253976 7 0.991396 -0.130899 0.00761929 1
7 5.15585 6.21313 0.0195366 7 0.994378 -0.105885 0.00586099 1
7 5.1581 6.21289 0.0150282 7 0.989464 -0.144782 0.00450845 1
7 5.1582 6.21287 0.0115601 7 0.994797 -0.101876 0.00346804 1
7 5.2852 6.19987 0.00889241 7 0.955757 0.294157 0.00266772 1
7 5.30813 6.20693 0.00684032 7 0.986547 0.163477 0.0020521 1
7 5.37145 6.21742 0.00526178 7 0.978282 0.207279 0.00157853 1
7 5.37211 6.21756 0.00404753 7 0.975724 0.219005 0.00121426 1
7 5.42668 6.22981 0.00311348 7 0.979556 0.201171 0.000934044 1
7 5.46405 6.23748 0.00239499 7 0.983516 0.180824 0.000718496 1
7 5.47163 6.23888 0.0018423 7 0.985841 0.167681 0.000552689 1
7 5.54583 6.2515 0.00141715 7 0.998547 0.0538953 0.000425145 1
7 5.63356 6.25623 0.00109012 7 0.998008 0.0630929 0.000327035 1
7 5.72768 6.26218 0.000838551 7 0.994549 0.104266 0.000251565 1
7 5.76616 6.26622 0.000645039 7 0.995528 0.0944628 0.000193512 1
7 5.80368 6.26978 0.000496184 7 0.988774 0.14942 0.000148855 1
7 5.85827 6.27803 0.00038168 7 0.982407 0.186755 0.000114504 1
7 5.87154 6.28055 0.0002936 7 0.280534 -0.959844 8.808e-05 1
7 5.90036 6.18193 0.000225846 7 0.408285 -0.912855 6.77539e-05 1
7 5.90521 6.1711 0.000173728 7 0.475578 -0.879674 5.21183e-05 1
7 5.91362 6.15553 0.000133637 7 0.824692 -0.565582 4.0091e-05 1
7 6.02934 6.07617 0.000102798 7 0.791373 -0.611333 3.08393e-05 1
7 6.0592 6.0531 7.9075e-05 7 0.779562 -0.626325 2.37225e-05 1
8 4.09106 5.97709 1 8 -0.832025 -0.554738 0 1
8 4.05804 5.95507 0.769231 8 -0.862988 -0.505224 0.230769 1
8 4.05642 5.95412 0.591716 8 -0.864618 -0.50243 0.177515 1
8 4.03689 5.94277 0.455166 8 -0.874707 -0.484653 0.13655 1
8 3.99635 5.92031 0.350128 8 -0.83529 -0.54981 0.105038 1
8 3.73928 5.7511 0.269329 8 -0.809527 -0.587083 0.0807987 1
8 3.72586 5.74137 0.207176 8 -0.807978 -0.589213 0.0621529 1
8 3.70757 5.72803 0.159366 8 -0.814728 -0.579843 0.0478099 1
8 3.67518 5.70498 0.122589 8 -0.81517 -0.579221 0.0367768 1
8 3.6675 5.69952 0.0942996 8 -0.820687 -0.571378 0.0282899 1
8 3.55505 5.62123 0.0725382 8 -0.713448 -0.700708 0.0217614 1
8 3.47885 5.5464 0.0557986 8 -0.646832 -0.762633 0.0167396 1
8 3.47782 5.54517 0.042922 8 -0.629053 -0.777362 0.0128766 1
8 3.46296 5.52681 0.0330169 8 -0.625578 -0.780161 0.00990507 1
8 3.35998 5.39838 0.0253976 8 -0.637995 -0.77004 0.00761929 1
8 3.26083 5.27872 0.0195366 8 -0.632052 -0.774926 0.00586099 1
8 3.25505 5.27163 0.0150282 8 -0.638903 -0.769287 0.00450845 1
8 3.15733 5.15396 0.0115601 8 0.499714 -0.86619 0.00346804 1
8 3.34164 4.83447 0.00889241 8 0.489547 -0.871977 0.00266772 1
8 3.36322 4.79603 0.00684032 8 0.568521 -0.822668 0.0020521 1
8 3.37588 4.77772 0.00526178 8 0.57324 -0.819388 0.00157853 1
8 3.4298 4.70065 0.00404753 8 0.114725 -0.993397 0.00121426 1
8 3.44767 4.54592 0.00311348 8 0.0971518 -0.99527 0.000934044 1
8 3.46248 4.39418 0.00239499 8 0.0926983 -0.995694 0.000718496 1
8 3.46752 4.34007 0.0018423 8 0.161956 -0.986798 0.000552689 1
8 3.47345 4.30389 0.00141715 8 -0.0370215 -0.999314 0.000425145 1
8 3.47041 4.2217 0.00109012 8 -0.0535299 -0.998566 0.000327035 1
8 3.46852 4.18653 0.000838551 8 -0.0648386 -0.997896 0.000251565 1
8 3.46844 4.18518 0.000645039 8 -0.0369807 -0.999316 0.000193512 1
8 3.46787 4.16995 0.000496184 8 -0.0517535 -0.99866 0.000148855 1
8 3.46467 4.10817 0.00038168 8 -0.0690591 -0.997613 0.000114504 1
8 3.4589 4.02485 0.0002936 8 0.111359 -0.99378 8.808e-05 1
8 3.48206 3.81819 0.000225846 8 0.0455981 -0.99896 6.77539e-05 1
8 3.48339 3.78897 0.000173728 8 0.0402588 -0.999189 5.21183e-05 1
8 3.48494 3.75049 0.000133637 8 0.0183298 -0.999832 4.0091e-05 1
8 3.49 3.47479 0.000102798 8 0.11994 -0.992781 3.08393e-05 1
8 3.49021 3.47308 7.9075e-05 8 0.114064 -0.993473 2.37225e-05 1
8 3.49111 3.46519 6.08269e-05 8 0.110168 -0.993913 1.82481e-05 1
9 4.06683 5.94074 1 9 0.483181 -0.875521 0 1
9 4.10501 5.87157 0.769231 9 0.491159 -0.87107 0.230769 1
9 4.1165 5.85119 0.591716 9 0.501712 -0.865035 0.177515 1
9 4.1246 5.83723 0.455166 9 0.299736 -0.954022 0.13655 1
9 4.15266 5.74791 0.350128 9 0.108675 -0.994077 0.105038 1
9 4.15277 5.74691 0.269329 9 0.0985966 -0.995127 0.0807987 1
9 4.16307 5.64296 0.207176 9 0.0478523 -0.998854 0.0621529 1
9 4.1637 5.62969 0.159366 9 0.0186109 -0.999827 0.0478099 1
9 4.16425 5.60019 0.122589 9 0.00326 -0.999995 0.0367768 1
9 4.16477 5.44061 0.0942996 9 0.0215533 -0.999768 0.0282899 1
9 4.1662 5.37454 0.0725382 9 0.0108558 -0.999941 0.0217614 1
9 4.16665 5.3332 0.0557986 9 0.0252183 -0.999682 0.0167396 1
9 4.16813 5.27432 0.042922 9 0.0453631 -0.998971 0.0128766 1
9 4.17412 5.14249 0.0330169 9 0.0728856 -0.99734 0.00990507 1
9 4.1813 5.04428 0.0253976 9 0.100599 -0.994927 0.00761929 1
9 4.18374 5.02011 0.0195366 9 0.0929668 -0.995669 0.00586099 1
9 4.19121 4.94015 0.0150282 9 -0.0184635 -0.99983 0.00450845 1
9 4.18595 4.65569 0.0115601 9 -0.0392332 -0.99923 0.00346804 1
9 4.18302 4.58111 0.00889241 9 -0.112563 -0.993645 0.00266772 1
9 4.17249 4.48811 0.00684032 9 -0.134663 -0.990892 0.0020521 1
9 4.17035 4.47239 0.00526178 9 -0.142566 -0.989785 0.00157853 1
9 4.15594 4.3723 0.00404753 9 -0.183548 -0.983011 0.00121426 1
9 4.1181 4.16965 0.00311348 9 -0.195475 -0.980709 0.000934044 1
9 4.081 3.98354 0.00239499 9 -0.704001 -0.710199 0.000718496 1
9 4.01308 3.91502 0.0018423 9 -0.724638 -0.689129 0.000552689 1
9 4.00112 3.90365 0.00141715 9 -0.739283 -0.673394 0.000425145 1
9 3.77689 3.6994 0.00109012 9 -0.747366 -0.664413 0.000327035 1
9 3.67739 3.61094 0.000838551 9 -0.739684 -0.672954 0.000251565 1
9 3.61057 3.55015 0.000645039 9 -0.716623 -0.697461 0.000193512 1
9 3.53725 3.47879 0.000496184 9 -0.720061 -0.693911 0.000148855 1
9 3.52756 3.46945 0.00038168 9 -0.760828 -0.648954 0.000114504 1
9 3.51537 3.45906 0.0002936 9 -0.729705 -0.683762 8.808e-05 1
9 3.41295 3.36309 0.000225846 9 -0.511342 -0.859377 6.77539e-05 1
9 3.38836 3.32175 0.000173728 9 -0.543889 -0.839157 5.21183e-05 1
9 3.30701 3.19624 0.000133637 9 -0.520476 -0.853877 4.0091e-05 1
9 3.30373 3.19086 0.000102798 9 -0.644045 -0.764987 3.08393e-05 1
9 3.28859 3.17287 7.9075e-05 9 -0.620444 -0.784251 2.37225e-05 1
9 3.2241 3.09136 6.08269e-05 9 -0.604507 -0.7966 1.82481e-05 1
10 4.00795 5.9649 1 10 -0.934891 0.354936 0 1
10 3.97445 5.97762 0.769231 10 -0.904845 0.425742 0.230769 1
10 3.96363 5.98271 0.591716 10 -0.898577 0.438817 0.177515 1
10 3.84068 6.04275 0.455166 10 -0.908914 0.416984 0.13655 1
10 3.81782 6.05324 0.350128 10 -0.885466 0.464704 0.105038 1
10 3.78899 6.06837 0.269329 10 -0.89069 0.45461 0.0807987 1
10 3.71805 6.10458 0.207176 10 -0.885488 0.464663 0.0621529 1
10 3.61191 6.16028 0.159366 10 -0.780303 0.625402 0.0478099 1
10 3.4724 6.27209 0.122589 10 -0.773993 0.633195 0.0367768 1
10 3.45953 6.28262 0.0942996 10 -0.760334 0.649532 0.0282899 1
10 3.4239 6.31306 0.0725382 10 -0.744487 0.667637 0.0217614 1
10 3.35705 6.37301 0.0557986 10 -0.729313 0.68418 0.0167396 1
10 3.22222 6.49949 0.042922 10 -0.722008 0.691885 0.0128766 1
10 3.21118 6.51007 0.0330169 10 -0.685441 0.728128 0.00990507 1
10 3.19031 6.53224 0.0253976 10 -0.79291 0.609339 0.00761929 1
10 3.14882 6.56413 0.0195366 10 -0.757495 0.652841 0.00586099 1
10 3.13759 6.57381 0.0150282 10 -0.81357 0.581467 0.00450845 1
10 3.01605 6.66067 0.0115601 10 -0.824886 0.5653 0.00346804 1
10 2.74807 6.84432 0.00889241 10 -0.805019 0.593249 0.00266772 1
10 2.7085 6.87348 0.00684032 10 -0.18766 -0.982234 0.0020521 1
10 2.69981 6.82799 0.00526178 10 -0.176871 -0.984234 0.00157853 1
10 2.67458 6.68762 0.00404753 10 -0.153322 -0.988176 0.00121426 1
10 2.64801 6.51639 0.00311348 10 -0.144146 -0.989556 0.000934044 1
10 2.64272 6.48007 0.00239499 10 -0.210288 -0.977639 0.000718496 1
10 2.6359 6.44835 0.0018423 10 -0.195417 -0.98072 0.000552689 1
10 2.63474 6.44252 0.00141715 10 -0.277238 -0.960801 0.000425145 1
10 2.61178 6.36295 0.00109012 10 -0.193838 -0.981034 0.000327035 1
10 2.58977 6.25154 0.000838551 10 -0.203079 -0.979162 0.000251565 1
10 2.50336 5.83493 0.000645039 10 -0.200793 -0.979634 0.000193512 1
10 2.49778 5.80771 0.000496184 10 -0.195775 -0.980649 0.000148855 1
10 2.48229 5.73012 0.00038168 10 -0.162476 -0.986713 0.000114504 1
10 2.4809 5.72163 0.0002936 10 -0.14904 -0.988831 8.808e-05 1
10 2.47842 5.7052 0.000225846 10 -0.17534 -0.984508 6.77539e-05 1
10 2.47198 5.66904 0.000173728 10 -0.273291 -0.961931 5.21183e-05 1
10 2.4527 5.60118 0.000133637 10 -0.235659 -0.971836 4.0091e-05 1
10 2.43688 5.53594 0.000102798 10 -0.287421 -0.957804 3.08393e-05 1
10 2.43618 5.53361 7.9075e-05 10 -0.285667 -0.958329 2.37225e-05 1

