1 0.500367 0.499984 1 1 -0.725792 0.687915 0 1
1 0.473573 0.52538 0.5 1 -0.729876 0.683579 0.5 1
1 0.445338 0.551824 0.25 1 -0.477327 0.878726 0.25 1
1 0.413541 0.610361 0.125 1 -0.484777 0.874638 0.125 1
1 0.401712 0.631702 0.0625 1 -0.727065 0.686569 0.0625 1
1 0.353646 0.677091 0.03125 1 -0.655817 0.75492 0.03125 1
1 0.341725 0.690813 0.015625 1 -0.663262 0.748387 0.015625 1
1 0.340723 0.691944 0.0078125 1 -0.626703 0.779259 0.0078125 1
1 0.309435 0.730848 0.00390625 1 -0.615784 0.787915 0.00390625 1
1 0.266726 0.785496 0.00195312 1 -0.441028 0.897493 0.00195312 1
1 0.252813 0.813808 0.000976562 1 -0.439714 0.898138 0.000976562 1
1 0.252575 0.814294 0.000488281 1 -0.54245 0.840088 0.000488281 1
2 0.500289 0.499953 1 2 0.993649 0.11252 0 1
2 0.530528 0.503377 0.5 2 0.988009 0.154395 0.5 1
2 0.575846 0.510459 0.25 2 0.984969 0.172731 0.25 1
2 0.612889 0.516955 0.125 2 0.981454 0.191697 0.125 1
2 0.629434 0.520187 0.0625 2 0.987494 0.15766 0.0625 1
2 0.673039 0.527149 0.03125 2 0.966991 0.25481 0.03125 1
2 0.76503 0.551389 0.015625 2 0.964834 0.262859 0.015625 1
2 0.78262 0.556181 0.0078125 2 0.941294 0.337587 0.0078125 1
2 0.796241 0.561066 0.00390625 2 -0.0328361 0.999461 0.00390625 1
2 0.795935 0.570388 0.00195312 2 -0.019837 0.999803 0.00195312 1
2 0.79551 0.591827 0.000976562 2 0.0167236 0.99986 0.000976562 1
2 0.796357 0.642503 0.000488281 2 0.0412549 0.999149 0.000488281 1
2 0.797099 0.660452 0.000244141 2 0.0313404 0.999509 0.000244141 1
2 0.797167 0.662625 0.00012207 2 -0.0723441 0.99738 0.00012207 1
2 0.794828 0.694864 6.10352e-05 2 -0.0468755 0.998901 6.10352e-05 1
3 0.499552 0.499196 1 3 -0.327045 0.945009 0 1
3 0.493959 0.515357 0.5 3 -0.358326 0.933597 0.5 1
3 0.478993 0.554351 0.25 3 0.999937 -0.0112655 0.25 1
3 0.481948 0.554318 0.125 3 0.999814 0.0193027 0.125 1
3 0.527242 0.555192 0.0625 3 0.999997 -0.00249229 0.0625 1
3 0.550611 0.555134 0.03125 3 0.997667 0.0682621 0.03125 1
3 0.575991 0.556871 0.015625 3 0.998984 0.0450694 0.015625 1
3 0.58822 0.557422 0.0078125 3 0.99958 0.0289716 0.0078125 1
3 0.628793 0.558598 0.00390625 3 0.998901 0.0468725 0.00390625 1
3 0.640601 0.559152 0.00195312 3 0.995924 0.0901962 0.00195312 1
3 0.712271 0.565643 0.000976562 3 0.994652 0.103282 0.000976562 1
3 0.720328 0.56648 0.000488281 3 0.989443 0.144922 0.000488281 1
3 0.733585 0.568422 0.000244141 3 0.986843 0.16168 0.000244141 1
3 0.738091 0.56916 0.00012207 3 0.994919 0.100678 0.00012207 1
3 0.861613 0.581659 6.10352e-05 3 0.999388 -0.034976 6.10352e-05 1
4 0.499857 0.500143 1 4 -0.494278 -0.869304 0 1
4 0.469535 0.446813 0.5 4 -0.0748722 -0.997193 0.5 1
4 0.468211 0.429191 0.25 4 -0.118954 -0.9929 0.25 1
4 0.463268 0.38793 0.125 4 -0.172095 -0.98508 0.125 1
4 0.431957 0.208705 0.0625 4 -0.124936 -0.992165 0.0625 1
4 0.42904 0.185535 0.03125 4 -0.144235 -0.989543 0.03125 1
4 0.419393 0.119348 0.015625 4 -0.162147 -0.986767 0.015625 1
4 0.418585 0.114437 0.0078125 4 0.0312067 -0.999513 0.0078125 1
4 0.418776 0.108333 0.00390625 4 0.426098 0.904677 0.00390625 1
4 0.421392 0.113887 0.00195312 4 0.331162 0.943574 0.00195312 1
4 0.426075 0.127232 0.000976562 4 0.325162 0.945658 0.000976562 1
4 0.493786 0.324154 0.000488281 4 0.321205 0.94701 0.000488281 1
4 0.527668 0.424047 0.000244141 4 0.349545 0.93692 0.000244141 1
4 0.548977 0.481164 0.00012207 4 0.400504 0.916295 0.00012207 1
4 0.559721 0.505743 6.10352e-05 4 0.413277 0.910605 6.10352e-05 1
5 0.499975 0.500275 1 5 -0.973874 -0.22709 0 1
5 0.433133 0.484688 0.5 5 -0.981189 -0.19305 0.5 1
5 0.402974 0.478755 0.25 5 -0.972288 -0.233785 0.25 1
5 0.40123 0.478335 0.125 5 -0.97598 -0.217861 0.125 1
5 0.388437 0.47548 0.0625 5 -0.796304 0.604896 0.0625 1
5 0.359132 0.49774 0.03125 5 -0.837653 0.546203 0.03125 1
5 0.335339 0.513255 0.015625 5 -0.793755 0.608237 0.015625 1
5 0.322832 0.522839 0.0078125 5 -0.780231 0.625492 0.0078125 1
5 0.322593 0.52303 0.00390625 5 -0.865614 0.500712 0.00390625 1
5 0.227958 0.577772 0.00195312 5 -0.849732 0.527215 0.00195312 1
5 0.222809 0.580966 0.000976562 5 -0.862631 0.505834 0.000976562 1
5 0.124734 0.638476 0.000488281 5 -0.876037 0.482244 0.000488281 1
6 0.500602 0.500269 1 6 -0.344725 0.938704 0 1
6 0.433239 0.683702 0.5 6 -0.244654 0.96961 0.5 1
6 0.392402 0.845546 0.25 6 -0.250773 0.968046 0.25 1
6 0.391069 0.850692 0.125 6 -0.266164 0.963928 0.125 1
6 0.38234 0.882304 0.0625 6 -0.434971 0.900445 0.0625 1
7 0.49969 0.499999 1 7 0.85378 -0.520634 0 1
7 0.553126 0.467414 0.5 7 0.910931 -0.41256 0.5 1
7 0.564055 0.462464 0.25 7 0.917614 -0.397472 0.25 1
7 0.600151 0.446829 0.125 7 0.911321 -0.411697 0.125 1
7 0.647598 0.425394 0.0625 7 0.971561 0.236789 0.0625 1
7 0.70833 0.440196 0.03125 7 0.999516 0.0311203 0.03125 1
7 0.756112 0.441683 0.015625 7 -0.684507 0.729006 0.015625 1
7 0.724531 0.475318 0.0078125 7 -0.601434 0.798923 0.0078125 1
7 0.72062 0.480512 0.00390625 7 -0.592054 0.805898 0.00390625 1
7 0.686405 0.527086 0.00195312 7 -0.609113 0.793083 0.00195312 1
7 0.660288 0.561091 0.000976562 7 -0.59946 0.800405 0.000976562 1
7 0.640941 0.586924 0.000488281 7 -0.654295 0.756239 0.000488281 1
7 0.531134 0.713839 0.000244141 7 -0.675361 0.737487 0.000244141 1
7 0.510694 0.73616 0.00012207 7 -0.699756 0.714382 0.00012207 1
7 0.490861 0.756408 6.10352e-05 7 -0.807674 0.58963 6.10352e-05 1

