1 0.50073 0.500182 1 1 -0.499366 0.866391 0 1
1 0.446679 0.593959 0.5 1 -0.376242 0.926522 0.5 1
1 0.440844 0.608329 0.25 1 -0.393982 0.919118 0.25 1
1 0.376324 0.758846 0.125 1 -0.337727 0.941244 0.125 1
1 0.352335 0.825705 0.0625 1 -0.392002 0.919964 0.0625 1
1 0.335716 0.864706 0.03125 1 -0.360607 0.932718 0.03125 1
2 0.499969 0.499496 1 2 0.935686 0.352833 0 1
2 0.553896 0.519831 0.5 2 0.925303 0.379229 0.5 1
2 0.596267 0.537197 0.25 2 0.902983 0.429676 0.25 1
2 0.759775 0.615 0.125 2 0.651119 0.758976 0.125 1
2 0.840789 0.709434 0.0625 2 -0.97125 -0.238062 0.0625 1
2 0.825931 0.705792 0.03125 2 -0.967426 -0.253153 0.03125 1
2 0.67566 0.66647 0.015625 2 -0.97162 -0.236549 0.015625 1
2 0.674731 0.666244 0.0078125 2 -0.965609 -0.259999 0.0078125 1
2 0.664085 0.663377 0.00390625 2 -0.974826 -0.222967 0.00390625 1
2 0.656364 0.661611 0.00195312 2 -0.986935 -0.161121 0.00195312 1
2 0.650148 0.660596 0.000976562 2 -0.985297 -0.170853 0.000976562 1
2 0.514653 0.637101 0.000488281 2 -0.976508 -0.215482 0.000488281 1
2 0.384185 0.608311 0.000244141 2 -0.986152 -0.165846 0.000244141 1
2 0.374375 0.606662 0.00012207 2 -0.987169 -0.159677 0.00012207 1
2 0.284749 0.592164 6.10352e-05 2 -0.990439 -0.137952 6.10352e-05 1
3 0.499708 0.500122 1 3 0.976411 -0.215919 0 1
3 0.53538 0.492234 0.5 3 0.97435 -0.225039 0.5 1
3 0.565021 0.485388 0.25 3 0.993119 -0.117112 0.25 1
3 0.589393 0.482514 0.125 3 -0.550044 0.835136 0.125 1
3 0.552823 0.538038 0.0625 3 -0.531148 0.847279 0.0625 1
3 0.530522 0.573613 0.03125 3 -0.546347 0.837559 0.03125 1
3 0.43416 0.721338 0.015625 3 -0.62307 0.782166 0.015625 1
3 0.425852 0.731767 0.0078125 3 -0.597716 0.801708 0.0078125 1
3 0.421389 0.737752 0.00390625 3 -0.615373 0.788236 0.00390625 1
3 0.397871 0.767876 0.00195312 3 -0.681003 0.732281 0.00195312 1
3 0.370685 0.797109 0.000976562 3 -0.74515 0.666897 0.000976562 1
3 0.343461 0.821475 0.000488281 3 -0.897097 0.441833 0.000488281 1
3 0.33624 0.825031 0.000244141 3 -0.882914 0.469534 0.000244141 1
3 0.322433 0.832374 0.00012207 3 -0.866293 0.499536 0.00012207 1
3 0.299048 0.845859 6.10352e-05 3 -0.837258 0.546808 6.10352e-05 1
4 0.500028 0.499998 1 4 0.987239 -0.159247 0 1
4 0.52242 0.496386 0.5 4 0.976169 -0.217011 0.5 1
4 0.63885 0.470503 0.25 4 0.963489 -0.26775 0.25 1
4 0.729757 0.44524 0.125 4 0.973346 -0.229342 0.125 1
4 0.771993 0.435288 0.0625 4 0.960547 -0.278118 0.0625 1
4 0.776073 0.434107 0.03125 4 0.965003 -0.26224 0.03125 1
4 0.888218 0.403631 0.015625 4 -0.975616 0.219486 0.015625 1
4 0.860746 0.409812 0.0078125 4 -0.993255 0.11595 0.0078125 1
4 0.844009 0.411766 0.00390625 4 -0.991137 0.132847 0.00390625 1
4 0.828799 0.413804 0.00195312 4 -0.994645 0.103346 0.00195312 1
4 0.740634 0.422965 0.000976562 4 -0.993589 0.113054 0.000976562 1
4 0.704536 0.427072 0.000488281 4 -0.989585 0.143949 0.000488281 1
4 0.703078 0.427284 0.000244141 4 -0.993528 0.113583 0.000244141 1
4 0.681318 0.429772 0.00012207 4 -0.991836 0.127523 0.00012207 1
4 0.67689 0.430341 6.10352e-05 4 -0.994447 0.105236 6.10352e-05 1
5 0.499443 0.499188 1 5 0.448249 -0.893909 0 1
5 0.519342 0.459504 0.5 5 0.476377 -0.879241 0.5 1
5 0.527219 0.444965 0.25 5 0.459346 -0.888258 0.25 1
5 0.529075 0.441377 0.125 5 0.500556 -0.865704 0.125 1
5 0.534653 0.43173 0.0625 5 0.557348 -0.830279 0.0625 1
5 0.548403 0.411247 0.03125 5 0.565089 -0.82503 0.03125 1
5 0.580817 0.363923 0.015625 5 0.610162 -0.792277 0.015625 1
5 0.598199 0.341352 0.0078125 5 0.663971 -0.747758 0.0078125 1
5 0.609694 0.328407 0.00390625 5 0.746598 -0.665276 0.00390625 1
5 0.630891 0.309518 0.00195312 5 0.593587 -0.80477 0.00195312 1
5 0.661297 0.268295 0.000976562 5 0.584149 -0.811646 0.000976562 1
5 0.664601 0.263704 0.000488281 5 0.401696 -0.915773 0.000488281 1
5 0.67072 0.249754 0.000244141 5 0.40819 -0.912897 0.000244141 1
5 0.680519 0.227838 0.00012207 5 0.413969 -0.910291 0.00012207 1
5 0.711225 0.160318 6.10352e-05 5 -0.633312 0.773896 6.10352e-05 1
5 0.691156 0.184843 3.05176e-05 5 -0.739235 0.673448 3.05176e-05 1
6 0.500621 0.499916 1 6 -0.956823 -0.29067 0 1
6 0.406537 0.471335 0.5 6 -0.999976 -0.00685865 0.5 1
6 0.389664 0.471219 0.25 6 -0.999124 -0.0418594 0.25 1
6 0.189619 0.462838 0.125 6 -0.999477 0.0323396 0.125 1
6 0.178133 0.46321 0.0625 6 -0.999766 0.0216274 0.0625 1
6 0.147341 0.463876 0.03125 6 -0.945525 0.325549 0.03125 1
6 0.1005 0.480003 0.015625 6 -0.172339 0.985038 0.015625 1
7 0.500101 0.500768 1 7 0.931971 0.362533 0 1
7 0.559104 0.52372 0.5 7 0.939568 0.342362 0.5 1
7 0.72145 0.582876 0.25 7 0.944927 0.327282 0.25 1
7 0.876021 0.636413 0.125 7 -0.934977 -0.354709 0.125 1
7 0.790152 0.603836 0.0625 7 -0.91556 -0.402182 0.0625 1
7 0.783992 0.60113 0.03125 7 -0.919375 -0.393383 0.03125 1
7 0.476046 0.469366 0.015625 7 -0.888323 -0.45922 0.015625 1
7 0.430895 0.446025 0.0078125 7 -0.85785 -0.513901 0.0078125 1
7 0.406789 0.431584 0.00390625 7 -0.86723 -0.497907 0.00390625 1
7 0.34705 0.397286 0.00195312 7 -0.858833 -0.512256 0.00195312 1
7 0.342566 0.394611 0.000976562 7 -0.867932 -0.496683 0.000976562 1
7 0.337649 0.391798 0.000488281 7 -0.840353 -0.542039 0.000488281 1
7 0.332773 0.388652 0.000244141 7 -0.763659 -0.64562 0.000244141 1
7 0.265911 0.332125 0.00012207 7 -0.750545 -0.660819 0.00012207 1
7 0.236064 0.305846 6.10352e-05 7 -0.740295 -0.672282 6.10352e-05 1

